evaluations raw_y
1 0.0000000000
2 248.0000000000
3 299.0000000000
4 324.0000000000
5 373.0000000000
6 408.0000000000
9 435.0000000000
14 471.0000000000
30 486.0000000000
36 501.0000000000
44 512.0000000000
63 524.0000000000
129 530.0000000000
136 535.0000000000
186 536.0000000000
215 541.0000000000
962 544.0000000000
1229 550.0000000000
1694 556.0000000000
3302 557.0000000000
5850 558.0000000000
6637 561.0000000000
8706 565.0000000000
9506 566.0000000000
10000 353.0000000000
evaluations raw_y
10001 0.0000000000
10002 165.0000000000
10004 246.0000000000
10005 310.0000000000
10006 351.0000000000
10009 464.0000000000
10010 493.0000000000
10012 507.0000000000
10072 508.0000000000
10089 509.0000000000
10129 520.0000000000
10135 527.0000000000
10151 529.0000000000
10315 537.0000000000
10437 538.0000000000
10447 543.0000000000
10453 544.0000000000
10490 547.0000000000
10541 550.0000000000
10779 552.0000000000
10879 554.0000000000
11201 557.0000000000
11376 559.0000000000
13940 560.0000000000
14292 561.0000000000
16792 562.0000000000
evaluations raw_y
20001 0.0000000000
20002 144.0000000000
20003 218.0000000000
20004 265.0000000000
20005 322.0000000000
20006 357.0000000000
20007 383.0000000000
20010 425.0000000000
20013 440.0000000000
20021 472.0000000000
20036 485.0000000000
20044 489.0000000000
20060 491.0000000000
20061 498.0000000000
20072 512.0000000000
20082 519.0000000000
20154 526.0000000000
20159 528.0000000000
20180 529.0000000000
20214 530.0000000000
20403 533.0000000000
20481 536.0000000000
20689 537.0000000000
20787 540.0000000000
20810 541.0000000000
20994 544.0000000000
21231 545.0000000000
21392 547.0000000000
21803 549.0000000000
21945 552.0000000000
22031 556.0000000000
22065 558.0000000000
23281 560.0000000000
23666 561.0000000000
23807 562.0000000000
25810 565.0000000000
evaluations raw_y
30001 0.0000000000
30002 85.0000000000
30003 157.0000000000
30004 247.0000000000
30006 365.0000000000
30007 375.0000000000
30013 435.0000000000
30020 437.0000000000
30021 462.0000000000
30022 488.0000000000
30031 493.0000000000
30033 502.0000000000
30038 516.0000000000
30076 517.0000000000
30103 520.0000000000
30164 539.0000000000
30428 540.0000000000
30435 544.0000000000
30477 550.0000000000
30767 553.0000000000
31636 554.0000000000
32935 557.0000000000
33600 558.0000000000
35316 559.0000000000
35425 561.0000000000
35552 563.0000000000
38504 564.0000000000
evaluations raw_y
40001 0.0000000000
40002 62.0000000000
40003 179.0000000000
40004 319.0000000000
40012 354.0000000000
40013 368.0000000000
40024 388.0000000000
40026 454.0000000000
40029 500.0000000000
40075 502.0000000000
40077 512.0000000000
40104 523.0000000000
40166 525.0000000000
40173 531.0000000000
40240 532.0000000000
40378 538.0000000000
40379 543.0000000000
40575 545.0000000000
41093 551.0000000000
41356 554.0000000000
43812 558.0000000000
46950 562.0000000000
evaluations raw_y
50001 0.0000000000
50002 103.0000000000
50003 274.0000000000
50005 398.0000000000
50009 399.0000000000
50011 430.0000000000
50015 453.0000000000
50017 478.0000000000
50028 496.0000000000
50046 497.0000000000
50065 508.0000000000
50068 509.0000000000
50101 510.0000000000
50127 512.0000000000
50146 514.0000000000
50158 532.0000000000
50304 533.0000000000
50314 534.0000000000
50371 535.0000000000
50406 536.0000000000
50639 537.0000000000
50649 539.0000000000
50757 542.0000000000
50792 543.0000000000
50856 544.0000000000
50908 545.0000000000
51443 547.0000000000
52127 548.0000000000
52672 549.0000000000
52688 551.0000000000
52777 556.0000000000
53463 557.0000000000
54492 560.0000000000
56015 562.0000000000
59053 563.0000000000
evaluations raw_y
60001 0.0000000000
60002 67.0000000000
60004 112.0000000000
60005 173.0000000000
60006 247.0000000000
60007 326.0000000000
60016 339.0000000000
60023 379.0000000000
60024 382.0000000000
60026 416.0000000000
60031 421.0000000000
60034 451.0000000000
60036 459.0000000000
60041 489.0000000000
60050 508.0000000000
60077 529.0000000000
60117 530.0000000000
60143 534.0000000000
60144 535.0000000000
60204 539.0000000000
60342 547.0000000000
60382 548.0000000000
60762 549.0000000000
61169 553.0000000000
61965 555.0000000000
62619 557.0000000000
63463 561.0000000000
64630 563.0000000000
68081 564.0000000000
evaluations raw_y
70001 0.0000000000
70002 114.0000000000
70004 156.0000000000
70006 370.0000000000
70007 461.0000000000
70012 480.0000000000
70015 486.0000000000
70019 493.0000000000
70030 505.0000000000
70070 506.0000000000
70072 519.0000000000
70155 520.0000000000
70294 521.0000000000
70303 525.0000000000
70381 533.0000000000
70394 534.0000000000
70435 541.0000000000
70667 542.0000000000
70722 544.0000000000
70725 545.0000000000
70795 546.0000000000
70874 549.0000000000
71185 551.0000000000
71526 557.0000000000
73273 558.0000000000
73611 559.0000000000
74229 560.0000000000
74628 561.0000000000
74652 563.0000000000
77810 564.0000000000
79508 565.0000000000
evaluations raw_y
80001 0.0000000000
80002 145.0000000000
80004 285.0000000000
80007 343.0000000000
80009 382.0000000000
80011 432.0000000000
80014 467.0000000000
80019 485.0000000000
80026 498.0000000000
80045 508.0000000000
80050 516.0000000000
80062 524.0000000000
80149 527.0000000000
80220 529.0000000000
80356 530.0000000000
80535 535.0000000000
80804 538.0000000000
81016 541.0000000000
81055 542.0000000000
81066 544.0000000000
81102 547.0000000000
81234 551.0000000000
81247 554.0000000000
81644 555.0000000000
81940 559.0000000000
82476 560.0000000000
86422 561.0000000000
evaluations raw_y
90001 0.0000000000
90002 108.0000000000
90003 156.0000000000
90004 233.0000000000
90005 268.0000000000
90006 364.0000000000
90009 408.0000000000
90031 417.0000000000
90032 449.0000000000
90037 483.0000000000
90048 492.0000000000
90066 493.0000000000
90072 500.0000000000
90074 511.0000000000
90088 522.0000000000
90152 523.0000000000
90189 524.0000000000
90210 525.0000000000
90283 527.0000000000
90347 536.0000000000
90564 537.0000000000
90572 538.0000000000
90597 542.0000000000
90670 545.0000000000
90756 547.0000000000
90971 549.0000000000
91289 551.0000000000
91615 553.0000000000
92715 554.0000000000
92821 555.0000000000
93801 557.0000000000
94235 560.0000000000
96365 561.0000000000
96951 562.0000000000
evaluations raw_y
100001 0.0000000000
100002 137.0000000000
100004 228.0000000000
100005 256.0000000000
100006 313.0000000000
100008 337.0000000000
100011 404.0000000000
100016 437.0000000000
100020 456.0000000000
100023 462.0000000000
100037 484.0000000000
100042 496.0000000000
100082 499.0000000000
100111 503.0000000000
100116 519.0000000000
100161 527.0000000000
100175 534.0000000000
100453 536.0000000000
100464 537.0000000000
100715 539.0000000000
100729 540.0000000000
100794 543.0000000000
101078 544.0000000000
101150 545.0000000000
101240 546.0000000000
101467 547.0000000000
101505 549.0000000000
101954 553.0000000000
102277 554.0000000000
102352 555.0000000000
102880 559.0000000000
103374 560.0000000000
103518 565.0000000000
104216 567.0000000000
107059 568.0000000000
109685 569.0000000000
110000 81.0000000000
evaluations raw_y
110001 0.0000000000
110002 96.0000000000
110003 176.0000000000
110004 226.0000000000
110005 300.0000000000
110014 376.0000000000
110016 413.0000000000
110017 438.0000000000
110018 470.0000000000
110030 473.0000000000
110032 482.0000000000
110036 498.0000000000
110065 506.0000000000
110076 508.0000000000
110110 510.0000000000
110120 516.0000000000
110156 518.0000000000
110161 528.0000000000
110273 532.0000000000
110365 538.0000000000
110375 539.0000000000
110599 541.0000000000
111222 544.0000000000
111349 545.0000000000
111822 546.0000000000
111845 550.0000000000
112029 553.0000000000
112049 554.0000000000
112052 557.0000000000
112104 558.0000000000
113131 560.0000000000
114983 561.0000000000
115444 562.0000000000
115469 563.0000000000
115503 564.0000000000
117166 565.0000000000
118038 566.0000000000
evaluations raw_y
120001 0.0000000000
120002 73.0000000000
120003 100.0000000000
120004 125.0000000000
120005 299.0000000000
120009 318.0000000000
120010 351.0000000000
120011 399.0000000000
120019 410.0000000000
120022 437.0000000000
120023 467.0000000000
120038 480.0000000000
120044 495.0000000000
120054 515.0000000000
120098 523.0000000000
120121 529.0000000000
120127 533.0000000000
120223 539.0000000000
120627 540.0000000000
120643 545.0000000000
120676 546.0000000000
120798 550.0000000000
121423 551.0000000000
121526 554.0000000000
121883 559.0000000000
122375 561.0000000000
123458 562.0000000000
124846 564.0000000000
evaluations raw_y
130001 0.0000000000
130002 77.0000000000
130004 235.0000000000
130008 307.0000000000
130011 428.0000000000
130013 463.0000000000
130014 473.0000000000
130020 485.0000000000
130024 497.0000000000
130036 500.0000000000
130051 502.0000000000
130072 508.0000000000
130121 518.0000000000
130168 522.0000000000
130236 529.0000000000
130322 531.0000000000
130353 534.0000000000
130396 537.0000000000
130706 538.0000000000
130765 545.0000000000
130876 546.0000000000
130971 547.0000000000
131121 554.0000000000
131541 556.0000000000
131668 557.0000000000
131679 558.0000000000
131997 560.0000000000
134992 561.0000000000
137129 563.0000000000
evaluations raw_y
140001 0.0000000000
140002 177.0000000000
140003 261.0000000000
140005 301.0000000000
140007 353.0000000000
140008 384.0000000000
140011 444.0000000000
140025 511.0000000000
140037 512.0000000000
140125 514.0000000000
140135 520.0000000000
140174 525.0000000000
140266 531.0000000000
140448 538.0000000000
140942 542.0000000000
141126 547.0000000000
141606 548.0000000000
141952 551.0000000000
142383 552.0000000000
142832 553.0000000000
143069 554.0000000000
143753 556.0000000000
143856 557.0000000000
evaluations raw_y
150001 0.0000000000
150002 104.0000000000
150003 185.0000000000
150004 259.0000000000
150009 329.0000000000
150010 370.0000000000
150012 403.0000000000
150014 442.0000000000
150022 485.0000000000
150027 493.0000000000
150055 502.0000000000
150059 504.0000000000
150060 505.0000000000
150061 528.0000000000
150331 534.0000000000
150580 536.0000000000
150661 539.0000000000
150755 541.0000000000
150940 544.0000000000
150994 548.0000000000
151012 550.0000000000
151239 553.0000000000
156230 557.0000000000
158508 558.0000000000
158653 559.0000000000
evaluations raw_y
160001 0.0000000000
160002 194.0000000000
160004 248.0000000000
160007 320.0000000000
160010 386.0000000000
160013 394.0000000000
160016 415.0000000000
160017 420.0000000000
160025 445.0000000000
160026 453.0000000000
160028 473.0000000000
160036 495.0000000000
160044 511.0000000000
160084 523.0000000000
160122 524.0000000000
160129 527.0000000000
160137 529.0000000000
160262 530.0000000000
160440 537.0000000000
160727 538.0000000000
160991 540.0000000000
161117 543.0000000000
161307 545.0000000000
161434 547.0000000000
161501 549.0000000000
161890 551.0000000000
162902 556.0000000000
162946 558.0000000000
165544 560.0000000000
evaluations raw_y
170001 0.0000000000
170002 254.0000000000
170003 332.0000000000
170006 381.0000000000
170018 393.0000000000
170019 403.0000000000
170021 435.0000000000
170023 465.0000000000
170029 484.0000000000
170042 499.0000000000
170043 501.0000000000
170053 513.0000000000
170072 515.0000000000
170073 531.0000000000
170115 532.0000000000
170388 536.0000000000
170460 540.0000000000
170500 543.0000000000
170753 545.0000000000
170940 549.0000000000
171247 551.0000000000
171777 553.0000000000
171899 555.0000000000
172287 557.0000000000
172697 558.0000000000
173127 560.0000000000
176409 561.0000000000
evaluations raw_y
180001 0.0000000000
180002 193.0000000000
180004 279.0000000000
180005 379.0000000000
180006 433.0000000000
180010 449.0000000000
180014 472.0000000000
180015 476.0000000000
180025 501.0000000000
180030 508.0000000000
180068 509.0000000000
180070 511.0000000000
180192 518.0000000000
180208 520.0000000000
180209 530.0000000000
180254 532.0000000000
180325 533.0000000000
180327 534.0000000000
180395 536.0000000000
180470 540.0000000000
180616 541.0000000000
180666 544.0000000000
180734 545.0000000000
180760 546.0000000000
180796 547.0000000000
181389 548.0000000000
181681 549.0000000000
181827 550.0000000000
181870 551.0000000000
181965 552.0000000000
182939 553.0000000000
183159 555.0000000000
183278 556.0000000000
186337 563.0000000000
188870 565.0000000000
evaluations raw_y
190001 0.0000000000
190002 211.0000000000
190007 234.0000000000
190008 307.0000000000
190018 362.0000000000
190021 405.0000000000
190022 445.0000000000
190023 486.0000000000
190027 511.0000000000
190115 518.0000000000
190119 531.0000000000
190401 532.0000000000
190411 538.0000000000
190528 544.0000000000
191585 545.0000000000
191816 550.0000000000
192789 552.0000000000
193050 553.0000000000
193859 555.0000000000
196113 556.0000000000
197821 558.0000000000
198834 559.0000000000
evaluations raw_y
200001 0.0000000000
200002 91.0000000000
200005 176.0000000000
200006 177.0000000000
200008 185.0000000000
200011 252.0000000000
200012 272.0000000000
200013 314.0000000000
200016 362.0000000000
200025 405.0000000000
200033 431.0000000000
200039 457.0000000000
200044 468.0000000000
200045 475.0000000000
200051 494.0000000000
200058 495.0000000000
200080 501.0000000000
200081 514.0000000000
200091 519.0000000000
200191 521.0000000000
200194 525.0000000000
200363 528.0000000000
200393 529.0000000000
200398 531.0000000000
200478 534.0000000000
200681 535.0000000000
201235 537.0000000000
201531 539.0000000000
201657 542.0000000000
201770 543.0000000000
201937 552.0000000000
204404 554.0000000000
205267 555.0000000000
205762 556.0000000000
207918 557.0000000000
evaluations raw_y
210001 0.0000000000
210002 217.0000000000
210004 274.0000000000
210010 289.0000000000
210011 301.0000000000
210015 408.0000000000
210023 426.0000000000
210031 450.0000000000
210033 461.0000000000
210050 483.0000000000
210052 488.0000000000
210054 515.0000000000
210072 526.0000000000
210085 527.0000000000
210144 542.0000000000
210654 543.0000000000
210738 546.0000000000
210787 549.0000000000
211472 553.0000000000
211746 554.0000000000
212129 555.0000000000
212403 557.0000000000
212824 558.0000000000
212962 559.0000000000
214415 560.0000000000
217467 561.0000000000
evaluations raw_y
220001 0.0000000000
220002 105.0000000000
220003 192.0000000000
220005 318.0000000000
220008 354.0000000000
220010 384.0000000000
220011 423.0000000000
220019 455.0000000000
220027 472.0000000000
220028 483.0000000000
220035 486.0000000000
220040 497.0000000000
220044 503.0000000000
220065 505.0000000000
220096 510.0000000000
220102 512.0000000000
220126 520.0000000000
220169 528.0000000000
220180 534.0000000000
220192 540.0000000000
220277 543.0000000000
220355 550.0000000000
220850 553.0000000000
221832 555.0000000000
222251 557.0000000000
223338 559.0000000000
226331 560.0000000000
226570 561.0000000000
226731 563.0000000000
228869 564.0000000000
229929 565.0000000000
evaluations raw_y
230001 0.0000000000
230002 124.0000000000
230003 181.0000000000
230005 239.0000000000
230008 290.0000000000
230011 371.0000000000
230014 419.0000000000
230020 420.0000000000
230021 458.0000000000
230034 489.0000000000
230040 500.0000000000
230041 518.0000000000
230123 523.0000000000
230136 528.0000000000
230189 530.0000000000
230283 534.0000000000
230362 537.0000000000
230457 538.0000000000
230473 540.0000000000
230524 541.0000000000
230678 542.0000000000
230904 545.0000000000
231216 546.0000000000
231312 547.0000000000
231363 552.0000000000
231632 556.0000000000
231910 561.0000000000
238846 564.0000000000
evaluations raw_y
240001 0.0000000000
240002 215.0000000000
240003 270.0000000000
240004 348.0000000000
240005 352.0000000000
240006 373.0000000000
240007 415.0000000000
240009 438.0000000000
240011 475.0000000000
240041 486.0000000000
240053 489.0000000000
240060 508.0000000000
240069 509.0000000000
240085 512.0000000000
240102 516.0000000000
240106 530.0000000000
240131 538.0000000000
240236 539.0000000000
240270 542.0000000000
240345 544.0000000000
240851 545.0000000000
241429 546.0000000000
241542 549.0000000000
242393 550.0000000000
242514 556.0000000000
242591 557.0000000000
243525 558.0000000000
246663 565.0000000000
247253 567.0000000000
evaluations raw_y
250001 0.0000000000
250002 159.0000000000
250003 217.0000000000
250004 268.0000000000
250005 433.0000000000
250008 495.0000000000
250022 503.0000000000
250030 524.0000000000
250168 526.0000000000
250186 535.0000000000
250217 538.0000000000
250308 543.0000000000
250367 546.0000000000
250630 548.0000000000
250636 549.0000000000
251125 550.0000000000
251406 552.0000000000
251427 555.0000000000
251527 556.0000000000
252021 557.0000000000
252064 559.0000000000
254901 560.0000000000
259150 561.0000000000
evaluations raw_y
260001 0.0000000000
260002 104.0000000000
260003 195.0000000000
260006 213.0000000000
260011 219.0000000000
260012 298.0000000000
260013 360.0000000000
260014 391.0000000000
260015 422.0000000000
260017 430.0000000000
260021 486.0000000000
260025 498.0000000000
260030 503.0000000000
260048 523.0000000000
260153 525.0000000000
260175 531.0000000000
260207 534.0000000000
260214 538.0000000000
260245 544.0000000000
260587 552.0000000000
261173 553.0000000000
261176 554.0000000000
261513 557.0000000000
262139 558.0000000000
262432 562.0000000000
evaluations raw_y
270001 0.0000000000
270002 76.0000000000
270003 101.0000000000
270004 235.0000000000
270008 296.0000000000
270009 385.0000000000
270016 393.0000000000
270019 399.0000000000
270021 422.0000000000
270027 423.0000000000
270028 462.0000000000
270038 500.0000000000
270065 522.0000000000
270104 533.0000000000
270357 540.0000000000
270703 542.0000000000
270841 545.0000000000
270914 550.0000000000
271262 552.0000000000
272097 555.0000000000
273789 557.0000000000
274004 558.0000000000
274367 559.0000000000
274785 561.0000000000
evaluations raw_y
280001 0.0000000000
280002 93.0000000000
280003 96.0000000000
280004 258.0000000000
280009 387.0000000000
280017 391.0000000000
280019 413.0000000000
280025 438.0000000000
280033 456.0000000000
280035 465.0000000000
280039 478.0000000000
280042 486.0000000000
280050 506.0000000000
280051 509.0000000000
280063 514.0000000000
280166 520.0000000000
280171 528.0000000000
280176 529.0000000000
280218 548.0000000000
281007 549.0000000000
281113 551.0000000000
281255 554.0000000000
281876 558.0000000000
282970 559.0000000000
283814 560.0000000000
284044 562.0000000000
284427 563.0000000000
284985 564.0000000000
287131 565.0000000000
289476 566.0000000000
evaluations raw_y
290001 0.0000000000
290002 111.0000000000
290004 284.0000000000
290005 332.0000000000
290006 395.0000000000
290009 462.0000000000
290023 483.0000000000
290038 500.0000000000
290040 506.0000000000
290041 516.0000000000
290100 527.0000000000
290110 531.0000000000
290120 539.0000000000
290188 540.0000000000
290189 544.0000000000
290754 546.0000000000
291032 553.0000000000
292036 556.0000000000
292501 557.0000000000
293755 558.0000000000
296490 560.0000000000
299343 561.0000000000
