evaluations raw_y
1 0.0000000000
2 1.9900000000
3 16.2300000000
4 33.8900000000
6 36.3700000000
10 57.0500000000
25 59.6000000000
26 60.1100000000
27 63.0000000000
31 64.7500000000
35 66.1300000000
43 74.4900000000
46 84.7200000000
54 86.3000000000
55 98.0200000000
58 101.6900000000
59 116.5200000000
64 119.4500000000
68 129.0300000000
75 130.5700000000
77 137.2100000000
79 155.8200000000
84 170.2200000000
90 181.2100000000
94 187.4000000000
95 204.4900000000
103 206.6600000000
120 207.7600000000
125 211.1700000000
126 232.3300000000
151 233.3800000000
161 234.9700000000
174 235.1700000000
248 263.7400000000
299 272.4400000000
306 283.6600000000
321 285.9200000000
336 293.6400000000
418 297.3000000000
460 304.7900000000
483 307.9500000000
523 334.8500000000
529 343.8200000000
621 359.8400000000
624 367.5100000000
681 367.8800000000
686 388.2600000000
724 389.5300000000
726 410.7400000000
734 413.9000000000
738 420.8800000000
826 427.6700000000
925 439.3800000000
976 454.4500000000
991 455.7200000000
1028 461.0600000000
1034 462.2200000000
1048 464.1000000000
1068 478.1500000000
1126 479.0800000000
1151 480.1500000000
1173 496.8500000000
1224 500.0400000000
1274 502.9600000000
1290 505.6800000000
1302 507.2100000000
1304 510.8300000000
1567 515.8700000000
1595 522.6200000000
1630 532.3400000000
1645 549.0900000000
1693 562.0200000000
1754 565.1600000000
2030 575.9100000000
2127 578.9800000000
2138 590.5700000000
2158 602.3700000000
2498 606.2900000000
2591 614.3100000000
2597 619.4400000000
2601 623.4100000000
2729 630.0100000000
2765 630.4400000000
3067 637.4400000000
3165 659.3600000000
3290 667.3700000000
3314 680.4700000000
3382 682.2400000000
3405 695.3600000000
3433 710.4400000000
3483 728.4100000000
3495 735.5400000000
3499 744.5500000000
3530 747.4200000000
3533 750.1800000000
5876 752.3000000000
5973 764.0800000000
5980 780.5600000000
7412 781.8500000000
8187 822.6200000000
8201 830.6400000000
8212 846.4300000000
8219 849.1900000000
8354 856.7000000000
8370 878.6600000000
8605 881.9000000000
8811 889.6400000000
8894 890.4100000000
8921 900.5300000000
8966 908.6600000000
8994 910.6400000000
8999 916.9500000000
9043 922.1700000000
9607 927.2500000000
9763 932.2700000000
9881 950.6000000000
9962 957.3600000000
10000 675.6400000000
evaluations raw_y
10001 0.0000000000
10002 30.1800000000
10006 38.5200000000
10009 41.7100000000
10013 48.5100000000
10018 53.9900000000
10020 60.3500000000
10022 61.2300000000
10026 95.2400000000
10030 127.4000000000
10051 139.7300000000
10058 170.6900000000
10159 172.4700000000
10165 175.5700000000
10193 180.6100000000
10196 189.0600000000
10211 199.0800000000
10297 203.7500000000
10421 207.2800000000
10430 208.1200000000
10444 210.3900000000
10447 211.2700000000
10466 226.8500000000
10467 235.3500000000
10491 251.4400000000
10529 258.1300000000
10537 263.3900000000
10542 272.0700000000
10592 275.0000000000
10597 286.4400000000
10599 311.2300000000
10629 317.4500000000
10639 333.1100000000
10679 337.5400000000
10716 341.4400000000
10719 349.4100000000
10831 354.5000000000
10832 360.7700000000
10883 377.8900000000
10998 385.1400000000
11233 394.2800000000
11296 398.5000000000
11304 415.0200000000
11327 417.0200000000
11445 422.7900000000
11505 440.2800000000
11608 448.3700000000
11609 482.4900000000
11617 485.3700000000
11619 495.8400000000
11646 499.5300000000
11687 515.8000000000
11833 517.6100000000
11919 518.2800000000
12091 528.2200000000
12141 544.8800000000
12206 548.4900000000
12213 554.9000000000
12223 561.0100000000
12229 578.1100000000
12306 581.5600000000
12337 600.1700000000
12415 601.5000000000
12683 602.0100000000
12815 608.3300000000
12928 609.4700000000
12935 630.8700000000
12945 646.0700000000
13405 648.6800000000
13776 657.7400000000
14046 672.4800000000
14741 681.6400000000
15508 689.5500000000
15698 710.5600000000
17084 767.7100000000
17100 776.3900000000
17102 776.9400000000
17113 778.0300000000
17161 784.7400000000
17233 792.8000000000
17268 796.0700000000
17281 810.3100000000
17437 812.7100000000
17460 814.4500000000
17499 816.5300000000
17582 830.4700000000
17623 831.7500000000
17648 838.1000000000
17708 840.5000000000
17805 849.4500000000
17847 860.7700000000
17856 877.5600000000
17952 877.9800000000
18050 896.4200000000
18765 908.0200000000
19040 908.0600000000
19056 913.3200000000
19148 915.7900000000
19335 919.6200000000
19492 925.1700000000
evaluations raw_y
20001 0.0000000000
20002 25.2200000000
20003 36.1500000000
20004 36.7500000000
20005 48.6000000000
20013 79.6600000000
20017 104.6000000000
20018 115.9900000000
20019 123.8700000000
20039 128.3700000000
20050 149.9800000000
20054 154.7000000000
20058 166.9100000000
20062 170.8600000000
20073 177.5100000000
20078 177.9800000000
20089 188.9600000000
20102 195.9700000000
20123 198.8200000000
20221 205.0500000000
20226 217.4000000000
20227 236.6000000000
20250 255.6900000000
20257 270.1400000000
20307 276.0500000000
20470 278.5700000000
20472 294.6300000000
20518 298.3800000000
20543 329.7000000000
20569 337.1400000000
20574 343.4100000000
20588 371.4800000000
20596 371.6800000000
20604 397.7200000000
20646 403.5900000000
20778 426.4000000000
20945 510.7200000000
20955 519.9600000000
21019 525.6200000000
21030 530.0600000000
21111 539.7500000000
21327 552.8600000000
21425 558.6900000000
21479 640.0700000000
21554 643.6400000000
21562 663.4600000000
21716 729.7500000000
22524 732.5200000000
23020 740.4600000000
23357 745.7400000000
23389 756.0500000000
23395 762.0200000000
23398 771.1400000000
23408 788.3100000000
23489 802.3800000000
23546 899.4300000000
23633 917.6700000000
23826 919.6100000000
24246 936.3900000000
24540 942.4000000000
24663 943.9000000000
24671 959.4100000000
24905 1015.3200000000
30000 505.8600000000
evaluations raw_y
30001 0.0000000000
30002 24.9200000000
30005 39.2000000000
30010 43.5300000000
30012 48.0100000000
30014 89.2600000000
30032 112.8000000000
30033 114.3500000000
30039 119.8900000000
30040 122.4800000000
30061 138.4300000000
30065 152.4600000000
30077 180.9100000000
30104 190.8800000000
30109 205.0900000000
30144 211.6500000000
30177 216.2900000000
30202 229.6700000000
30240 231.6900000000
30260 242.8700000000
30264 266.5200000000
30265 278.6100000000
30361 281.1800000000
30365 299.8600000000
30374 312.2300000000
30376 330.6400000000
30454 333.7200000000
30458 353.6400000000
30500 364.4900000000
30581 378.0000000000
30611 382.1500000000
30635 382.3900000000
30637 390.9100000000
30672 421.5700000000
30789 478.9000000000
30840 488.4400000000
30896 498.1300000000
30963 500.3500000000
30978 504.0600000000
30982 521.5500000000
31028 524.5300000000
31400 525.0900000000
31783 529.2100000000
31806 544.4400000000
32834 548.5600000000
34003 550.9400000000
34160 555.8900000000
34205 557.4300000000
34259 560.0000000000
34330 579.7900000000
34447 585.2800000000
34501 596.3200000000
34581 600.6700000000
34654 606.7500000000
34676 608.1300000000
34681 616.4900000000
34755 627.3300000000
34816 638.1000000000
35031 645.5900000000
35183 650.3900000000
35225 662.9800000000
35288 665.0500000000
35308 666.6900000000
35703 675.0200000000
35713 678.9800000000
35814 690.0200000000
36425 690.7300000000
36820 691.5700000000
36913 700.6800000000
37271 705.2100000000
37431 706.0100000000
37508 709.0600000000
38016 713.0100000000
38045 713.3800000000
38416 716.4200000000
38422 727.9200000000
38427 727.9600000000
38696 732.7400000000
39174 734.0600000000
39256 734.4600000000
39352 740.6100000000
39409 742.1200000000
39429 742.9600000000
39438 760.8100000000
39531 761.1700000000
39987 762.1000000000
evaluations raw_y
40001 0.0000000000
40002 31.8900000000
40003 39.1900000000
40004 49.6800000000
40005 64.3900000000
40006 72.1300000000
40007 76.7200000000
40009 94.1200000000
40023 102.4000000000
40066 109.9500000000
40067 117.8300000000
40081 118.2700000000
40100 118.4600000000
40101 131.3900000000
40112 132.7000000000
40114 145.7100000000
40146 164.7600000000
40149 171.8400000000
40215 176.0200000000
40224 192.0600000000
40266 195.2500000000
40277 220.6800000000
40296 222.7200000000
40297 256.5400000000
40318 283.5200000000
40342 287.0300000000
40345 291.4500000000
40346 291.5200000000
40349 314.7900000000
40350 336.5400000000
40363 376.1100000000
40469 382.4200000000
40499 403.3300000000
40529 423.2400000000
40585 428.3700000000
40615 432.7300000000
40636 436.5300000000
40638 444.0500000000
40648 447.3900000000
40672 455.2900000000
40673 455.6300000000
40737 456.5100000000
40753 469.9700000000
40774 479.1000000000
40777 480.6000000000
40789 484.6900000000
40818 497.0600000000
40856 503.3800000000
40922 513.7600000000
40923 523.5800000000
41104 587.1500000000
41266 596.1600000000
41289 600.4800000000
41299 608.4300000000
41326 611.3100000000
41335 614.1500000000
41343 627.6500000000
41634 629.1000000000
41692 631.5100000000
41822 644.2100000000
41830 646.3800000000
41952 647.8200000000
41960 663.4700000000
42091 669.4000000000
42103 685.9300000000
42155 693.2600000000
42383 705.5900000000
42779 743.9400000000
42811 761.5300000000
42832 767.9900000000
42904 772.0200000000
43283 772.2900000000
43327 776.8600000000
43338 777.9100000000
43345 781.8800000000
43370 784.8000000000
43400 789.7800000000
43407 806.0200000000
44361 845.9200000000
44397 851.9600000000
44438 856.8800000000
44447 858.4200000000
44448 865.8700000000
44494 869.1200000000
44588 876.3900000000
44591 891.1100000000
44606 900.3500000000
44717 903.5200000000
45683 904.8400000000
46410 908.0400000000
46800 912.0700000000
46932 913.1100000000
47024 917.2900000000
48016 918.9800000000
48305 927.6000000000
49952 928.0000000000
evaluations raw_y
50001 0.0000000000
50002 13.8800000000
50003 26.2000000000
50005 57.1700000000
50024 61.0200000000
50026 66.9100000000
50032 75.4000000000
50033 89.1100000000
50046 109.0900000000
50047 109.4200000000
50052 115.6300000000
50055 125.1300000000
50063 145.0900000000
50084 158.9700000000
50093 166.2200000000
50130 176.2300000000
50142 195.3300000000
50161 249.0900000000
50180 260.8400000000
50249 268.4900000000
50250 275.0100000000
50694 275.6000000000
50738 279.7100000000
50796 292.5800000000
50881 388.2700000000
50885 394.1200000000
50890 398.8600000000
50895 405.8000000000
50911 416.7700000000
50950 429.6500000000
51041 430.5500000000
51095 441.5400000000
51096 446.8200000000
51143 469.0400000000
51245 475.0100000000
51296 481.5700000000
51313 496.0900000000
51325 501.2100000000
51373 502.2600000000
51380 511.3000000000
51394 511.4000000000
51404 514.4000000000
51416 515.6900000000
51417 534.4200000000
51572 548.8300000000
51643 551.9900000000
51707 572.4700000000
51768 587.5900000000
51794 592.3200000000
51821 607.4600000000
51841 614.1300000000
51876 614.3000000000
51909 620.5800000000
52005 636.5800000000
52035 645.2400000000
52102 649.7700000000
52191 657.2500000000
52238 664.6400000000
52239 672.7700000000
52247 674.2000000000
52255 688.3900000000
52290 701.4600000000
52326 707.7300000000
52599 713.3100000000
52601 720.6200000000
53033 722.6400000000
53372 727.4600000000
53558 730.4100000000
54105 740.8300000000
54342 749.5100000000
54528 840.5400000000
54609 856.1700000000
55093 861.6800000000
55101 865.1400000000
55199 872.1800000000
55390 881.7100000000
55488 881.8700000000
55492 882.4300000000
55545 890.2100000000
55595 907.5400000000
56376 910.7100000000
56496 926.3900000000
56564 934.0800000000
56623 938.7800000000
56686 940.6700000000
56795 941.9300000000
56826 949.7800000000
57202 949.9800000000
57278 954.1500000000
57883 954.7600000000
57900 957.4500000000
59447 960.8300000000
evaluations raw_y
60001 0.0000000000
60002 2.3700000000
60003 6.0900000000
60004 13.2200000000
60006 20.7000000000
60007 49.1800000000
60020 56.7700000000
60023 58.0800000000
60033 71.1200000000
60035 76.9200000000
60040 77.4100000000
60041 79.0500000000
60044 91.9500000000
60048 95.6700000000
60049 102.7700000000
60054 105.5700000000
60062 162.4600000000
60067 174.0700000000
60069 181.2100000000
60078 196.3900000000
60084 204.2600000000
60092 208.4500000000
60095 224.2600000000
60108 247.4500000000
60142 268.0800000000
60170 269.6600000000
60176 271.5700000000
60188 285.4200000000
60197 306.2000000000
60200 311.6400000000
60217 325.3900000000
60227 328.8900000000
60237 329.6800000000
60240 334.0800000000
60259 343.9400000000
60269 344.4300000000
60272 359.2900000000
60299 378.2900000000
60343 383.2600000000
60345 391.4900000000
60364 394.3700000000
60447 400.5700000000
60465 420.6800000000
60489 428.8800000000
60494 429.6900000000
60515 431.4400000000
60518 436.0900000000
60577 439.9300000000
60678 445.1400000000
60697 466.5100000000
60703 474.9000000000
60717 481.5500000000
60734 498.1400000000
60751 511.4100000000
60839 523.3600000000
61150 523.7100000000
61175 532.2300000000
61186 545.0900000000
61248 587.3100000000
61281 599.0300000000
61296 601.9700000000
61299 609.5400000000
61382 616.1300000000
61498 619.6800000000
61507 637.5400000000
61525 646.8400000000
61532 647.5700000000
61551 659.7800000000
61568 671.3000000000
61986 671.4500000000
62253 674.9600000000
62254 679.0600000000
62256 684.4100000000
62466 692.1200000000
62611 699.2000000000
62830 702.6200000000
62836 704.7600000000
62838 706.7300000000
62875 721.7000000000
62970 723.6000000000
62975 727.5700000000
63507 742.1500000000
63574 752.0700000000
63594 754.1500000000
63879 760.6600000000
63953 765.5300000000
64050 777.9000000000
65568 781.7500000000
65599 790.2000000000
65723 793.4000000000
65736 803.1700000000
65881 812.5100000000
66157 843.0700000000
66221 855.9000000000
66232 878.8600000000
66309 878.9700000000
66319 880.1800000000
66475 881.3700000000
66477 889.5100000000
66661 899.1300000000
66823 902.9500000000
66982 904.5200000000
67154 954.9700000000
67384 961.2100000000
67457 961.2600000000
67594 962.9200000000
67654 969.3300000000
67683 987.0300000000
67955 994.6000000000
68009 1002.5600000000
68361 1011.0200000000
69544 1012.9700000000
69635 1017.8700000000
69904 1029.7600000000
70000 178.0600000000
evaluations raw_y
70001 0.0000000000
70002 5.0500000000
70003 12.3100000000
70005 20.0000000000
70006 27.6500000000
70011 62.9000000000
70016 63.7100000000
70020 89.2900000000
70028 90.0900000000
70034 111.6200000000
70039 118.4400000000
70043 141.8100000000
70045 170.8200000000
70047 171.1500000000
70049 179.9400000000
70054 195.2800000000
70085 198.8400000000
70092 206.2900000000
70097 231.8400000000
70109 238.6100000000
70122 267.7400000000
70133 270.2900000000
70163 275.1500000000
70169 276.6600000000
70180 276.6900000000
70181 278.6600000000
70194 281.9500000000
70210 300.5400000000
70285 308.4300000000
70344 323.7700000000
70408 339.8800000000
70447 341.9400000000
70498 358.4500000000
70508 360.2000000000
70554 377.8500000000
70878 382.5900000000
70970 385.7100000000
70971 391.3300000000
70977 406.2100000000
71128 413.5300000000
71180 425.8300000000
71255 426.7900000000
71291 435.3900000000
71309 435.9800000000
71319 441.8900000000
71320 444.0600000000
71377 447.6500000000
71385 454.5000000000
71446 478.8000000000
71465 483.4200000000
71490 487.9200000000
71523 488.5200000000
71548 496.9700000000
71610 511.3800000000
71653 512.6400000000
71705 530.1900000000
71742 539.1300000000
71814 548.5700000000
72040 555.8500000000
72236 569.8500000000
72703 575.9200000000
72820 578.5300000000
72921 578.5400000000
72977 589.3500000000
73025 590.4300000000
73043 594.3800000000
73124 601.1700000000
73199 607.5500000000
73225 617.1000000000
73238 629.9900000000
73248 635.5400000000
73287 637.1800000000
73302 638.2500000000
73320 650.2400000000
73549 659.1600000000
73627 665.4300000000
73682 672.5500000000
73832 680.5400000000
73844 684.0500000000
73916 685.5600000000
73971 702.1200000000
74048 704.1700000000
74129 704.3600000000
74133 706.5600000000
74168 717.2900000000
74223 726.5700000000
74263 727.1600000000
74304 735.1600000000
74852 833.0300000000
74861 851.1100000000
74892 854.7100000000
74894 869.9400000000
75153 870.7700000000
75598 873.4200000000
75620 881.3900000000
79863 895.2000000000
79932 902.4400000000
79973 908.8100000000
79979 916.8100000000
79986 918.5000000000
evaluations raw_y
80001 0.0000000000
80002 19.6100000000
80003 39.3000000000
80009 71.2500000000
80012 79.1500000000
80030 80.9800000000
80040 92.6800000000
80042 107.5900000000
80046 113.5200000000
80053 118.1700000000
80069 126.6900000000
80073 139.5300000000
80082 147.0500000000
80103 148.2500000000
80115 151.6200000000
80122 169.6900000000
80139 172.6300000000
80150 181.6800000000
80194 200.4500000000
80216 204.2100000000
80223 213.3000000000
80224 226.0500000000
80291 241.1000000000
80312 255.2600000000
80374 259.4900000000
80378 259.5600000000
80379 266.7600000000
80390 268.0200000000
80428 284.3900000000
80446 288.6400000000
80452 308.0000000000
80471 316.5400000000
80529 318.5000000000
80575 332.3400000000
80738 355.1700000000
80881 360.5200000000
80928 360.7200000000
80933 386.8000000000
81282 387.8100000000
81313 388.2000000000
81380 395.3900000000
81431 405.9500000000
81571 406.7700000000
81604 416.2600000000
81625 417.5800000000
81679 522.7700000000
81695 530.4900000000
81842 531.0200000000
81975 533.4600000000
81995 549.0700000000
82335 549.6100000000
82351 558.6100000000
83185 564.3800000000
83198 571.0000000000
83484 571.3300000000
83497 595.4000000000
83534 601.5600000000
83571 620.9300000000
83590 624.8700000000
83600 632.9400000000
83687 633.6800000000
83700 650.1400000000
83748 651.7200000000
83752 658.3900000000
83808 664.7300000000
83815 671.0900000000
83986 677.3800000000
84001 678.6800000000
84092 681.9300000000
84119 683.5800000000
84374 691.9100000000
84379 694.8200000000
84465 714.0100000000
84488 731.6700000000
85038 733.2500000000
85647 743.5600000000
85657 752.4600000000
85677 761.8300000000
85714 767.5200000000
85790 769.6300000000
85911 777.1500000000
85954 781.2500000000
86166 783.0200000000
86169 785.9700000000
86179 804.7500000000
86203 811.0800000000
86345 811.7800000000
86715 815.1300000000
86794 816.3500000000
87315 816.4200000000
87343 824.4800000000
87811 825.8200000000
88144 828.3600000000
88920 829.7200000000
89474 844.6100000000
evaluations raw_y
90001 0.0000000000
90002 4.2900000000
90003 6.3400000000
90004 8.7800000000
90005 15.2500000000
90008 28.2000000000
90009 34.6900000000
90011 36.5300000000
90012 78.1000000000
90023 86.8000000000
90028 92.7000000000
90053 97.9400000000
90058 102.7900000000
90072 121.9400000000
90075 132.2100000000
90081 147.6700000000
90102 162.9900000000
90114 163.4000000000
90129 166.5800000000
90141 192.6000000000
90161 208.6900000000
90217 213.1000000000
90255 272.2400000000
90263 304.4100000000
90282 313.9400000000
90310 318.4700000000
90342 336.5700000000
90346 340.1100000000
90367 355.9900000000
90422 368.7100000000
90434 380.7600000000
90437 388.6700000000
90448 397.0600000000
90496 397.8300000000
90504 420.0300000000
90540 424.1600000000
90576 428.6100000000
90593 433.5300000000
90601 455.0400000000
90612 460.1300000000
90623 461.9200000000
90644 474.3300000000
90661 483.5300000000
90670 499.4600000000
90919 508.2200000000
90940 524.7000000000
91024 526.2000000000
91060 536.7600000000
91131 545.5700000000
91251 546.9300000000
91344 556.4600000000
91560 557.3500000000
91569 565.2100000000
91686 579.4600000000
91775 586.0300000000
92606 587.8000000000
92810 588.0800000000
93193 600.9900000000
93598 616.2900000000
93606 622.5100000000
93720 624.0100000000
93772 631.9200000000
93859 636.1800000000
93929 667.8500000000
93942 686.5300000000
93972 694.4600000000
93995 699.4400000000
93996 717.7200000000
94026 723.7500000000
94034 727.7600000000
94045 728.2100000000
94084 733.7600000000
94090 736.6200000000
94128 738.3200000000
94214 740.7000000000
94246 759.4500000000
94256 767.6500000000
94590 772.6000000000
94730 773.6500000000
94735 774.4800000000
95276 778.7200000000
95462 794.7400000000
96006 795.7300000000
96735 798.2300000000
96806 800.1600000000
97205 806.0300000000
97548 808.7400000000
97573 810.1800000000
97619 825.7900000000
97852 829.2600000000
98418 831.4200000000
98432 853.8600000000
evaluations raw_y
100001 0.0000000000
100002 11.8600000000
100003 43.2500000000
100004 58.3100000000
100009 68.6200000000
100010 74.8400000000
100011 92.6000000000
100014 114.7700000000
100040 126.2800000000
100048 133.3400000000
100057 139.7800000000
100058 149.9200000000
100062 166.4800000000
100065 167.4700000000
100069 184.5600000000
100098 186.9800000000
100117 193.4400000000
100147 207.3600000000
100179 227.2400000000
100194 227.8600000000
100204 232.6500000000
100259 261.6700000000
100277 263.9000000000
100280 269.7000000000
100311 284.4200000000
100370 306.7700000000
100421 326.7300000000
100458 355.0200000000
100462 378.2000000000
100939 484.9100000000
101024 488.9900000000
101045 497.5600000000
101122 498.1600000000
101126 505.0100000000
101156 514.0800000000
101164 516.5900000000
101180 521.2000000000
101185 522.1600000000
101187 530.5200000000
101221 530.9400000000
101231 534.1400000000
101243 546.0500000000
101327 554.7000000000
101358 566.4500000000
101384 570.8700000000
101406 595.3500000000
101413 615.3100000000
101451 620.5400000000
101490 638.6500000000
101583 640.2700000000
101842 771.6100000000
102609 772.4900000000
102633 781.3000000000
103122 783.0700000000
103602 785.0400000000
103904 789.6000000000
104256 802.5000000000
109747 804.2500000000
109845 809.7400000000
evaluations raw_y
110001 0.0000000000
110002 2.2900000000
110003 20.2400000000
110010 32.6600000000
110013 42.6400000000
110014 58.5700000000
110026 61.0500000000
110035 79.8600000000
110036 82.4800000000
110043 100.1200000000
110046 104.2600000000
110047 114.3400000000
110070 127.5000000000
110091 129.9400000000
110101 133.5800000000
110106 149.9800000000
110116 175.8000000000
110122 179.1900000000
110138 185.9400000000
110159 194.2900000000
110162 238.9900000000
110164 249.6700000000
110165 261.2200000000
110169 264.4200000000
110173 283.1700000000
110178 292.9800000000
110180 308.8300000000
110200 309.7100000000
110203 385.0500000000
110240 396.7900000000
110274 415.7300000000
110290 432.1100000000
110326 446.0300000000
110339 487.8100000000
110475 496.2000000000
110485 505.2400000000
110563 509.4400000000
110724 519.9000000000
110727 521.9100000000
110730 543.9900000000
110747 549.8300000000
110856 550.1700000000
110868 555.4000000000
110935 574.8900000000
110944 595.0800000000
110975 609.6700000000
111051 630.2500000000
111052 667.4700000000
111072 670.7600000000
111494 675.7700000000
111508 691.0400000000
112127 699.1000000000
112215 703.1600000000
112217 706.6300000000
112302 727.3300000000
112358 727.7500000000
112403 736.6700000000
115348 748.7700000000
117090 750.5400000000
117097 767.3300000000
117264 770.2600000000
117324 773.1100000000
117870 781.8500000000
119110 850.8600000000
119120 856.7100000000
119123 858.3700000000
119138 867.6500000000
119155 871.5900000000
119197 879.0500000000
119401 883.4500000000
119548 884.0500000000
119603 897.4200000000
119624 900.9600000000
119667 926.2400000000
119790 929.4400000000
119864 946.6000000000
evaluations raw_y
120001 0.0000000000
120002 14.3700000000
120003 23.7100000000
120006 38.1900000000
120007 50.3900000000
120010 62.6800000000
120012 65.3700000000
120021 77.8700000000
120027 77.9400000000
120033 198.2800000000
120035 205.0500000000
120036 222.2900000000
120042 223.3600000000
120046 232.2800000000
120053 277.1300000000
120094 297.8000000000
120095 304.1400000000
120111 335.5000000000
120174 337.3800000000
120185 355.7800000000
120227 362.1600000000
120232 367.5700000000
120248 388.5200000000
120258 408.5900000000
120260 423.1500000000
120262 426.6900000000
120263 430.9200000000
120266 437.3600000000
120293 450.0500000000
120310 451.5500000000
120321 454.9500000000
120322 455.9000000000
120342 466.3600000000
120378 467.4900000000
120384 493.0700000000
120400 497.0100000000
120438 498.2400000000
120465 505.5800000000
120476 512.4900000000
120478 513.4800000000
120480 518.9500000000
120503 534.0700000000
120527 534.7800000000
120663 535.7800000000
120670 545.6400000000
120676 557.4400000000
120728 560.4400000000
120737 565.0400000000
120866 572.5200000000
120914 574.4100000000
120916 576.3400000000
120989 587.5700000000
121023 595.5400000000
121135 596.8700000000
121161 612.7200000000
121297 612.9600000000
121339 623.8000000000
121355 631.3800000000
121371 636.9600000000
121380 650.5100000000
121450 665.6400000000
121506 690.3900000000
121511 693.6200000000
121549 696.7200000000
121550 702.3000000000
121586 704.9400000000
121604 706.6200000000
121619 715.0000000000
121761 724.9200000000
121779 738.3900000000
121787 742.1400000000
121789 752.7400000000
121824 754.6000000000
121903 771.9200000000
122106 775.4800000000
122129 778.5100000000
122133 812.0100000000
122248 891.7300000000
123944 894.5600000000
124008 895.7400000000
125044 897.3500000000
126585 934.3800000000
evaluations raw_y
130001 0.0000000000
130002 9.2500000000
130003 16.7600000000
130004 37.5900000000
130006 48.4600000000
130008 48.7800000000
130010 53.2300000000
130011 64.8500000000
130019 88.7500000000
130035 106.8700000000
130039 106.9900000000
130041 134.2900000000
130045 134.8000000000
130073 161.8900000000
130076 174.3400000000
130077 187.5600000000
130088 205.7400000000
130146 229.7400000000
130160 291.3700000000
130162 315.4200000000
130164 315.5200000000
130182 323.5700000000
130220 341.5400000000
130237 344.4500000000
130244 344.5600000000
130255 360.4200000000
130258 369.5400000000
130298 386.0000000000
130327 386.3400000000
130348 398.4400000000
130351 409.8800000000
130363 412.2700000000
130412 420.2200000000
130542 424.5300000000
130596 428.5900000000
130634 431.0000000000
130645 446.7000000000
130661 450.3600000000
130734 454.4700000000
130797 460.4300000000
130830 464.0400000000
130848 466.0200000000
131177 482.8400000000
131334 501.1200000000
131396 514.1900000000
131490 516.9600000000
131521 518.7200000000
131523 522.4700000000
131539 522.6100000000
131554 536.8000000000
131573 541.1400000000
131750 549.5200000000
132124 556.0100000000
132407 561.9000000000
132462 576.5000000000
132639 577.0200000000
132781 578.1200000000
132896 582.5300000000
132935 584.0800000000
132984 590.2500000000
133077 590.9700000000
133112 594.9600000000
133165 613.3500000000
133683 613.5100000000
133994 616.9400000000
134005 617.7400000000
134078 618.5800000000
134099 620.9200000000
134130 629.0000000000
134135 629.6300000000
134150 634.6900000000
134252 638.5000000000
134276 645.5800000000
134515 670.7200000000
134561 680.8100000000
135467 687.5700000000
135858 697.5300000000
136376 705.2200000000
136454 707.5300000000
136462 709.8900000000
136489 713.1900000000
136624 714.3200000000
136649 715.4200000000
136687 718.2100000000
136692 720.3400000000
136715 721.6400000000
136810 722.4800000000
136849 730.8000000000
137445 733.7600000000
137502 738.2000000000
137506 738.2300000000
137512 739.2800000000
137515 753.1600000000
137539 768.6000000000
137924 772.6600000000
138030 772.7700000000
138071 790.0900000000
138072 804.1800000000
138585 804.9000000000
138830 806.8700000000
138833 807.7800000000
138902 816.6600000000
138920 817.1100000000
138929 817.2600000000
138968 836.1300000000
139125 840.0200000000
139157 847.2100000000
139192 851.4700000000
139302 858.9900000000
139327 865.9900000000
evaluations raw_y
140001 0.0000000000
140002 13.4600000000
140003 31.4400000000
140006 40.2100000000
140007 49.1000000000
140011 56.2600000000
140013 57.8900000000
140018 58.7500000000
140019 67.2100000000
140021 93.6100000000
140027 105.2000000000
140038 128.8200000000
140084 145.8600000000
140128 184.1000000000
140158 185.3000000000
140168 204.0000000000
140199 220.0300000000
140211 224.4300000000
140228 242.4400000000
140406 245.1500000000
140437 255.9900000000
140524 259.0500000000
140541 259.4600000000
140552 277.4800000000
140577 278.6200000000
140659 297.7000000000
140669 322.9600000000
140708 331.3200000000
140736 332.1000000000
140754 338.9700000000
140792 361.3900000000
140880 380.8000000000
140894 392.3500000000
140904 399.0500000000
141031 410.3900000000
141101 412.1300000000
141120 415.3700000000
141145 432.3300000000
141176 448.8600000000
141183 451.1900000000
141195 458.5800000000
141200 467.0800000000
141293 473.7200000000
141362 478.3800000000
141491 480.0400000000
141566 480.8300000000
141583 488.2200000000
141654 493.4200000000
141712 495.8100000000
141835 507.9900000000
141950 528.0100000000
141976 541.7400000000
142101 550.1800000000
142149 551.6200000000
142159 559.2000000000
142170 569.6600000000
142210 572.0400000000
142268 577.6200000000
142280 585.3700000000
142299 586.8300000000
142301 587.6200000000
142314 598.9200000000
142409 602.5200000000
142467 604.2200000000
142535 605.6700000000
142548 606.1500000000
142578 613.7200000000
142617 613.7300000000
142637 622.2800000000
142763 628.1200000000
142834 640.3600000000
142849 650.4300000000
142858 660.6200000000
142867 665.0400000000
142898 679.1200000000
143010 695.2500000000
143035 698.0600000000
143194 698.4000000000
143206 701.1200000000
143238 701.5000000000
143514 703.9600000000
143626 705.7700000000
143675 711.2600000000
143720 713.0000000000
143815 715.9800000000
144008 720.3800000000
144036 729.5100000000
144132 738.3000000000
144263 744.1800000000
144358 750.8800000000
144364 760.2500000000
144449 763.1600000000
144574 774.3200000000
144852 776.6200000000
145096 779.6700000000
145123 792.2200000000
145458 796.7400000000
146750 797.4400000000
146751 803.2100000000
146770 810.7500000000
146831 817.2300000000
146836 822.3000000000
146891 826.7600000000
146916 830.0200000000
146920 839.2400000000
evaluations raw_y
150001 0.0000000000
150002 5.1100000000
150003 17.3200000000
150009 26.0300000000
150013 37.2800000000
150014 39.9700000000
150015 45.2500000000
150016 75.0900000000
150019 77.7500000000
150029 85.0500000000
150031 103.7500000000
150052 109.2800000000
150060 119.3800000000
150070 128.3300000000
150080 132.9300000000
150084 151.0400000000
150115 170.0900000000
150123 178.9200000000
150190 189.0600000000
150225 200.6200000000
150231 229.8500000000
150252 233.3100000000
150254 235.9100000000
150263 238.1200000000
150264 258.9500000000
150271 262.8800000000
150273 270.4600000000
150280 279.7900000000
150288 282.8100000000
150290 300.0000000000
150340 302.4700000000
150350 313.1200000000
150468 328.3400000000
150644 333.1700000000
150787 335.9900000000
150791 341.1000000000
150933 346.1000000000
151051 359.7500000000
151077 370.4400000000
151117 374.1600000000
151122 381.2300000000
151147 384.9300000000
151163 398.8500000000
151205 404.4600000000
151222 418.0900000000
151278 419.7900000000
151293 434.7800000000
151396 444.2100000000
151427 452.3200000000
151658 456.7200000000
151736 459.5100000000
151768 518.6600000000
151832 520.2900000000
151885 535.3900000000
151895 535.9300000000
151904 541.2000000000
152345 549.0000000000
152519 549.1000000000
152634 559.3400000000
152670 563.7700000000
152687 564.2000000000
152705 577.4300000000
152981 595.2600000000
153239 598.5400000000
153425 601.8700000000
153508 603.8200000000
153591 611.9300000000
153664 614.1600000000
153881 617.4000000000
153918 623.0000000000
153970 633.1100000000
154136 636.5500000000
154363 657.1000000000
154367 662.2300000000
154377 674.0700000000
154432 689.2800000000
154470 690.1000000000
154473 690.2900000000
154495 695.5900000000
154593 698.7100000000
154602 713.6400000000
154813 722.6700000000
154828 733.6000000000
155098 734.2600000000
155408 744.2000000000
156401 754.5800000000
157669 779.8400000000
157702 789.9300000000
158042 792.0100000000
158120 793.2700000000
158265 796.4500000000
158329 804.4000000000
158383 808.4400000000
158451 811.1500000000
158453 813.2700000000
158956 822.0100000000
159067 823.8500000000
159099 825.6400000000
159103 827.5300000000
159115 841.3300000000
159152 848.1700000000
159533 858.5200000000
159557 863.8800000000
159884 863.8900000000
evaluations raw_y
160001 0.0000000000
160002 10.7200000000
160005 40.3200000000
160013 50.1700000000
160015 50.3700000000
160016 54.1400000000
160020 76.9600000000
160023 114.5700000000
160028 133.7400000000
160035 144.1100000000
160046 152.0600000000
160048 161.8600000000
160056 165.4400000000
160058 173.9000000000
160079 188.2700000000
160104 188.5200000000
160136 188.8500000000
160160 198.2500000000
160189 205.0000000000
160193 233.3600000000
160202 250.3300000000
160366 252.1100000000
160372 262.8700000000
160439 272.1600000000
160448 274.0900000000
160529 287.0000000000
160553 296.2600000000
160557 297.9100000000
160563 348.6500000000
160575 390.5400000000
160593 400.5000000000
160605 408.4100000000
160613 411.1900000000
160627 422.2900000000
160637 435.4800000000
160698 438.9400000000
160718 455.2700000000
160728 458.4300000000
160748 463.5700000000
160795 466.9300000000
160796 472.1500000000
160850 481.3900000000
160873 484.1500000000
160893 486.1200000000
160899 493.9600000000
161400 501.6000000000
161434 519.0200000000
161501 519.5700000000
161506 520.8700000000
161535 523.8900000000
161691 527.9200000000
161697 530.6000000000
161712 538.3900000000
161717 544.3600000000
161723 559.2200000000
161825 563.8800000000
161830 564.2000000000
161861 567.7900000000
161944 600.0500000000
163125 601.0300000000
163608 613.0300000000
163678 614.8000000000
163690 618.7300000000
163691 642.9800000000
163864 649.9000000000
164310 652.8300000000
164719 681.7100000000
165060 709.5200000000
165063 737.9100000000
165108 739.2600000000
165191 744.2400000000
165241 744.4100000000
165282 744.6500000000
165354 767.4700000000
165451 775.9100000000
165823 777.4200000000
165834 780.1900000000
165840 784.1500000000
165905 797.0600000000
166186 800.1300000000
166451 806.5900000000
166997 808.7200000000
167002 814.2800000000
167006 864.3200000000
167015 866.4400000000
167041 871.7200000000
167205 875.3300000000
167311 882.5500000000
167378 959.7400000000
167396 978.3500000000
167424 980.1500000000
167432 990.6900000000
167447 996.6800000000
167478 1001.4100000000
167573 1003.9700000000
167618 1011.3100000000
167619 1012.2500000000
167893 1017.4600000000
168058 1023.9100000000
168070 1024.0700000000
168117 1035.0800000000
168140 1041.5400000000
168390 1056.8000000000
170000 829.8000000000
evaluations raw_y
170001 0.0000000000
170002 1.3200000000
170003 1.8900000000
170004 14.7600000000
170006 33.6500000000
170007 57.2400000000
170010 74.1200000000
170011 95.5900000000
170014 123.8700000000
170028 127.0900000000
170040 136.8900000000
170041 149.7800000000
170056 158.0000000000
170059 176.2700000000
170113 181.5500000000
170116 199.3100000000
170132 225.8500000000
170152 228.5900000000
170159 241.0900000000
170177 245.7100000000
170178 266.8900000000
170242 271.9200000000
170269 356.6300000000
170290 368.3400000000
170334 374.7400000000
170336 385.6700000000
170359 392.4300000000
170509 399.4600000000
170552 406.8100000000
170684 411.4800000000
170690 416.2800000000
170710 422.2400000000
170745 425.1800000000
170807 434.5400000000
170809 439.0900000000
170827 440.3100000000
170830 452.0000000000
170843 455.4900000000
170887 462.2900000000
170911 473.2700000000
170922 475.3600000000
170939 484.2200000000
170949 499.7700000000
170960 503.5800000000
170965 504.9300000000
171022 516.1200000000
171045 525.0500000000
171050 560.2700000000
171387 583.3100000000
171418 594.0200000000
171421 606.7500000000
171920 613.4700000000
171944 613.4800000000
172050 624.0000000000
172077 643.8000000000
172237 644.3600000000
172280 676.9900000000
172563 680.0000000000
172854 697.9800000000
172935 710.0400000000
173277 712.7200000000
173765 738.2000000000
174303 739.6300000000
174360 745.8100000000
174433 747.6400000000
174452 748.2300000000
174474 754.3800000000
174509 759.6600000000
174524 767.2900000000
174526 785.5800000000
174646 786.5900000000
174668 794.3300000000
174737 796.7900000000
174864 799.9100000000
174891 810.1600000000
175087 811.7400000000
175257 812.7900000000
175798 818.8800000000
176718 823.3600000000
177248 826.1600000000
177275 847.0700000000
177319 847.6600000000
177341 852.6800000000
177364 856.4000000000
177374 858.0100000000
177386 881.3900000000
178304 883.0900000000
178422 884.0100000000
178705 889.6400000000
178757 894.6100000000
178849 898.3000000000
178981 898.9300000000
179331 903.7000000000
179618 911.0100000000
179826 915.2200000000
179921 922.3500000000
evaluations raw_y
180001 0.0000000000
180002 7.0700000000
180004 13.7800000000
180005 26.6800000000
180006 37.6200000000
180008 50.0900000000
180016 64.9800000000
180021 69.9100000000
180039 71.6400000000
180049 72.8200000000
180070 80.2900000000
180081 80.9300000000
180083 96.2600000000
180090 100.0900000000
180098 131.8800000000
180111 132.0300000000
180112 149.7100000000
180116 164.1800000000
180136 175.5200000000
180143 184.6700000000
180178 189.7200000000
180196 197.0200000000
180205 197.7600000000
180244 200.7000000000
180269 216.1400000000
180293 241.6700000000
180331 244.2900000000
180370 247.6100000000
180371 251.0400000000
180414 255.0200000000
180469 304.2100000000
180473 331.3400000000
180504 344.0200000000
180529 346.1000000000
180539 356.2000000000
180717 362.1600000000
180727 373.4700000000
180762 375.6500000000
180786 377.6400000000
180821 386.1200000000
180845 395.4000000000
180846 413.9200000000
180847 413.9500000000
180902 417.7200000000
180917 431.5600000000
180943 450.2500000000
180964 456.7500000000
180995 480.6600000000
181052 489.5700000000
181110 489.8700000000
181247 507.1000000000
181629 514.8400000000
181805 519.2300000000
181818 528.4000000000
182016 529.8500000000
182082 534.8100000000
182092 539.6500000000
182263 551.0800000000
182290 551.4200000000
182434 552.1700000000
182435 557.7600000000
182437 572.9700000000
182856 609.6400000000
182893 638.8400000000
183153 655.1800000000
183338 674.1600000000
183429 674.4800000000
183700 680.7500000000
183870 681.9000000000
183874 682.4200000000
183972 704.1000000000
184015 706.8500000000
184044 706.9900000000
184165 717.4300000000
184213 719.4000000000
184230 720.6200000000
184302 731.3200000000
184334 732.7000000000
184343 759.5100000000
185476 761.1700000000
188220 761.8400000000
188343 767.0800000000
188370 778.5300000000
188727 789.5500000000
188987 791.9900000000
189058 819.3500000000
189798 822.8700000000
189893 831.8000000000
evaluations raw_y
190001 0.0000000000
190002 22.9200000000
190005 40.7500000000
190007 49.1700000000
190008 57.6900000000
190010 76.0600000000
190011 78.7700000000
190024 84.8000000000
190036 87.8000000000
190052 88.2500000000
190055 88.8500000000
190056 103.6500000000
190063 104.3400000000
190068 115.8500000000
190079 120.0200000000
190091 122.4200000000
190095 137.6700000000
190111 142.9100000000
190126 146.1700000000
190130 171.7400000000
190202 180.2100000000
190231 192.0300000000
190243 195.2300000000
190244 197.4300000000
190246 199.7900000000
190251 224.0600000000
190309 236.6800000000
190320 240.4300000000
190389 252.3600000000
190408 256.8700000000
190420 263.4700000000
190424 265.8100000000
190433 275.3500000000
190446 281.1300000000
190447 292.0800000000
190467 295.6300000000
190545 308.6700000000
190556 343.9200000000
190577 351.2900000000
190579 354.0100000000
190592 361.1200000000
190634 367.0600000000
190637 369.5700000000
190638 385.5900000000
190669 389.1100000000
190670 400.5000000000
190696 401.5300000000
190709 424.3500000000
190723 432.9900000000
190758 446.5200000000
190885 452.2600000000
191338 458.5200000000
191360 460.2900000000
191771 464.7300000000
191982 469.3800000000
191985 479.8800000000
192019 501.7300000000
192075 571.9600000000
192088 584.3700000000
192094 585.8100000000
192143 602.0800000000
192148 611.9100000000
192371 617.1700000000
192495 640.0900000000
192513 644.8000000000
192519 655.3100000000
192535 658.4200000000
192556 663.9300000000
192573 664.0300000000
192594 682.0600000000
192630 693.5900000000
192690 698.9600000000
192715 701.4300000000
192730 709.8100000000
192744 725.8500000000
192770 752.6500000000
192790 756.4400000000
192792 768.0100000000
192802 778.5400000000
192812 786.6100000000
193907 798.5700000000
194019 802.8900000000
194057 806.4300000000
194095 817.0100000000
194099 833.4800000000
194375 916.3500000000
194475 928.5500000000
194506 928.8500000000
194810 929.3000000000
194897 933.7600000000
evaluations raw_y
200001 0.0000000000
200002 1.5800000000
200003 19.3200000000
200004 25.4300000000
200007 33.2300000000
200014 36.8400000000
200015 49.3100000000
200018 57.4300000000
200019 63.7100000000
200024 64.4500000000
200026 100.6500000000
200035 123.5900000000
200044 126.5700000000
200054 137.6500000000
200068 150.1500000000
200088 163.6500000000
200101 173.7300000000
200122 177.6800000000
200125 180.3400000000
200143 184.1300000000
200149 194.1300000000
200163 223.7900000000
200172 237.9900000000
200180 254.5800000000
200235 255.8500000000
200276 266.0200000000
200279 269.2300000000
200284 276.5700000000
200324 280.9800000000
200387 283.8200000000
200485 295.4900000000
200496 330.4900000000
200524 333.0500000000
200531 340.9000000000
200540 342.1200000000
200546 350.2600000000
200585 352.0500000000
200618 354.4200000000
200620 389.2000000000
200863 457.2900000000
200888 488.6900000000
200983 489.6900000000
200996 504.8700000000
201059 506.2500000000
201074 514.1700000000
201109 520.7500000000
201110 615.9600000000
201111 626.9500000000
201135 649.0800000000
201152 653.3900000000
201157 666.4800000000
201312 668.5200000000
201415 679.8100000000
201432 684.4100000000
201464 684.6300000000
201466 707.1300000000
201567 717.2600000000
201617 729.2900000000
201642 735.3200000000
201811 736.1000000000
202082 739.7700000000
202705 765.6000000000
202855 772.5700000000
203036 786.3700000000
203361 788.1300000000
203483 798.7700000000
203603 808.1700000000
203778 815.2000000000
203803 822.5700000000
203806 823.1900000000
204073 824.1600000000
204079 826.5400000000
204111 833.3100000000
204125 849.5500000000
204149 861.7200000000
204554 866.2500000000
204602 872.4300000000
204831 874.3000000000
205500 892.1300000000
207914 894.5600000000
208695 905.8200000000
evaluations raw_y
210001 0.0000000000
210002 3.2000000000
210003 4.7000000000
210004 11.7700000000
210006 23.8300000000
210007 25.8500000000
210009 32.5300000000
210011 37.7900000000
210016 74.3600000000
210029 75.1900000000
210031 84.5600000000
210032 103.9000000000
210036 106.0000000000
210057 122.4200000000
210086 132.2800000000
210094 237.2600000000
210095 244.8300000000
210099 245.1600000000
210111 251.3800000000
210126 275.7600000000
210169 287.6400000000
210171 293.8000000000
210173 299.2900000000
210195 301.3800000000
210204 302.6000000000
210209 320.9700000000
210225 327.3100000000
210238 329.7100000000
210245 346.8800000000
210269 347.8900000000
210317 357.0600000000
210322 359.9100000000
210326 361.9800000000
210330 387.2700000000
210389 388.8200000000
210404 390.9400000000
210406 392.5400000000
210416 397.4700000000
210475 407.2400000000
210492 409.7100000000
210512 438.1100000000
210517 438.2100000000
210523 459.8600000000
210524 469.3800000000
210580 480.2300000000
210696 482.7400000000
210704 484.7300000000
210713 500.9600000000
210853 521.2100000000
211160 524.6200000000
211343 527.7000000000
211369 538.6400000000
211570 543.5900000000
211750 565.6600000000
212237 567.4400000000
212260 577.1600000000
212363 577.7300000000
212375 585.8000000000
212387 610.3200000000
212390 634.8900000000
212419 635.6800000000
212454 645.4300000000
212625 649.7000000000
212704 650.8500000000
212820 657.7900000000
212847 665.4600000000
212932 683.5300000000
213951 690.4200000000
214203 690.4500000000
214423 694.4400000000
214449 695.0700000000
214530 714.7500000000
214621 720.2200000000
214681 734.6900000000
214727 736.2300000000
214768 738.7500000000
214775 740.2300000000
214875 751.2200000000
214883 758.8800000000
214944 764.6700000000
215480 765.6400000000
215481 779.1100000000
217070 782.2300000000
217332 790.3400000000
217537 808.6700000000
217581 820.6200000000
217715 822.5000000000
217773 839.5100000000
218013 856.4800000000
218101 857.9700000000
218196 862.5700000000
218259 869.6700000000
218350 877.0100000000
219080 878.2200000000
219871 883.8900000000
evaluations raw_y
220001 0.0000000000
220002 6.4200000000
220003 9.8700000000
220004 15.4000000000
220005 16.1700000000
220008 21.1600000000
220009 34.8600000000
220015 42.7400000000
220023 56.9100000000
220029 80.8500000000
220033 106.7000000000
220043 126.9700000000
220051 135.7200000000
220053 148.1300000000
220054 151.0500000000
220097 155.1100000000
220109 167.1600000000
220148 170.8100000000
220153 191.8000000000
220181 198.6300000000
220186 205.8300000000
220201 209.6300000000
220209 217.2000000000
220222 228.4000000000
220269 249.1200000000
220270 262.5700000000
220271 263.8600000000
220273 289.8100000000
220354 290.2000000000
220364 295.3900000000
220400 297.8800000000
220419 310.8100000000
220473 314.0900000000
220544 316.2700000000
220562 320.9700000000
220587 330.9400000000
220603 335.5800000000
220606 341.4000000000
220611 347.5900000000
220623 354.2100000000
220715 370.1400000000
220734 376.0600000000
220895 387.1800000000
220901 397.6200000000
220932 398.1700000000
220979 405.0000000000
221258 412.6200000000
221260 423.7200000000
221325 428.5200000000
221335 430.9600000000
221336 438.7900000000
221354 440.1200000000
221364 445.8200000000
221371 457.3900000000
221469 466.7500000000
221515 478.7900000000
221524 492.0400000000
221844 496.4000000000
222289 497.8500000000
223021 504.2500000000
223252 510.8100000000
223311 519.1300000000
223324 523.0600000000
223362 524.9800000000
223396 528.0300000000
223448 535.6600000000
223483 536.8000000000
223485 543.1800000000
223574 553.2700000000
224124 564.3100000000
224264 566.0600000000
224310 583.1400000000
224727 660.4000000000
224743 671.0000000000
224824 673.7600000000
224844 681.0600000000
225780 683.9400000000
225893 686.7500000000
226218 691.0700000000
227239 703.1600000000
227401 704.7000000000
227464 705.5400000000
227509 707.7600000000
228091 708.5300000000
228104 710.3100000000
228687 714.9900000000
228752 733.1200000000
229445 755.1700000000
229580 762.3600000000
229636 769.1000000000
229680 773.0700000000
229748 781.4500000000
229796 783.1100000000
229938 786.7000000000
evaluations raw_y
230001 0.0000000000
230002 3.1400000000
230003 15.3900000000
230005 17.6000000000
230006 28.4500000000
230011 30.1400000000
230014 35.4800000000
230016 37.6100000000
230018 42.7900000000
230019 48.6500000000
230020 52.4800000000
230027 53.6700000000
230030 65.8200000000
230035 69.0400000000
230036 82.0300000000
230044 84.2000000000
230048 92.6300000000
230049 102.9200000000
230050 126.3900000000
230063 139.7600000000
230067 141.0200000000
230080 160.4600000000
230083 166.4500000000
230085 167.4100000000
230091 210.0600000000
230130 216.0400000000
230264 294.8000000000
230273 306.7100000000
230285 317.1400000000
230329 338.3600000000
230423 347.6600000000
230459 358.0100000000
230462 361.8500000000
230477 376.9300000000
230478 392.4300000000
230513 399.5300000000
230570 404.8300000000
230574 427.2900000000
230659 439.7600000000
230784 443.9000000000
230802 455.5300000000
231064 456.0100000000
231082 475.1000000000
231127 482.2500000000
231138 495.2700000000
231183 499.6100000000
231193 521.8400000000
231212 526.3500000000
231217 531.9200000000
231483 548.9500000000
231844 602.2700000000
231893 615.0100000000
231954 634.5400000000
232080 645.4400000000
232104 652.6300000000
232148 658.0400000000
232154 659.1000000000
232158 667.5600000000
232202 671.5500000000
232206 675.2200000000
232280 676.6400000000
232317 686.5600000000
232769 691.6400000000
233113 694.3000000000
233159 697.0100000000
233346 697.5700000000
233390 699.5900000000
233410 701.2700000000
233581 714.2300000000
236873 731.7000000000
238098 736.0600000000
238123 736.2300000000
238153 747.2700000000
238167 749.7000000000
238207 768.1600000000
238750 794.0300000000
239456 802.9400000000
239488 810.5700000000
239580 816.9200000000
evaluations raw_y
240001 0.0000000000
240002 8.7500000000
240004 8.7800000000
240005 18.8800000000
240009 31.9800000000
240011 35.6400000000
240013 54.9600000000
240029 70.0700000000
240034 70.5100000000
240038 85.5600000000
240042 101.7900000000
240048 102.2700000000
240057 110.0100000000
240072 143.4000000000
240118 144.3900000000
240148 146.7200000000
240152 148.2400000000
240156 152.4000000000
240160 165.4000000000
240167 166.0200000000
240184 168.1900000000
240196 170.1000000000
240209 182.8300000000
240235 192.0000000000
240249 196.4600000000
240251 219.2800000000
240273 224.5400000000
240348 224.7000000000
240356 236.6900000000
240391 243.3600000000
240398 254.1600000000
240405 270.7500000000
240431 271.2700000000
240449 291.5300000000
240664 301.8100000000
240717 302.7300000000
240722 322.1100000000
240858 325.8600000000
240863 327.0400000000
240886 353.6100000000
240887 354.5200000000
240891 385.5700000000
240897 399.3300000000
240899 429.3000000000
240903 446.2400000000
240909 448.7100000000
240917 450.8100000000
240920 456.2800000000
240939 456.8700000000
240955 458.9400000000
240957 466.4200000000
240959 500.5900000000
240970 503.1600000000
240997 507.4900000000
241014 532.0000000000
241079 536.4000000000
241096 558.3300000000
241101 572.8600000000
241213 579.2800000000
241248 587.4700000000
241294 600.7400000000
241328 618.4200000000
241358 622.0500000000
241382 629.6000000000
241434 632.0500000000
241504 641.2400000000
241557 645.9400000000
241563 656.0500000000
241659 660.7200000000
241662 666.4300000000
241783 688.5200000000
241867 690.4800000000
242168 704.7300000000
242193 706.0000000000
242227 721.1800000000
242527 723.2200000000
242529 733.2000000000
242533 735.8400000000
242769 741.0500000000
242849 843.2100000000
243100 846.0800000000
243151 854.1500000000
243171 857.0000000000
243241 860.8400000000
243258 862.3000000000
243263 868.1800000000
243300 883.8300000000
243309 904.9000000000
248645 905.7000000000
248708 919.3300000000
249659 924.9700000000
249897 928.2300000000
evaluations raw_y
250001 0.0000000000
250002 20.0400000000
250003 23.4900000000
250004 25.3700000000
250005 46.8800000000
250006 61.0600000000
250012 61.7500000000
250016 84.2200000000
250018 114.9200000000
250021 115.2000000000
250025 126.8900000000
250030 138.5900000000
250036 139.5600000000
250057 142.9500000000
250069 172.7800000000
250078 181.9500000000
250087 192.8200000000
250095 194.7400000000
250097 197.6100000000
250110 198.3100000000
250138 208.7700000000
250171 220.6800000000
250225 341.1600000000
250277 361.4000000000
250291 381.3500000000
250309 389.8700000000
250318 394.9000000000
250337 407.5200000000
250405 411.3300000000
250408 411.8500000000
250415 413.5200000000
250440 416.5600000000
250454 424.0900000000
250586 430.7000000000
250625 438.1400000000
250688 441.5100000000
250720 463.2300000000
250722 473.7600000000
250776 481.6500000000
250819 485.4700000000
250914 515.8000000000
251030 522.4900000000
251073 530.7700000000
251406 530.9200000000
251582 543.7500000000
251617 552.1700000000
251668 558.4500000000
251704 583.6300000000
251730 591.4200000000
251824 595.8900000000
251916 602.0700000000
251924 604.5100000000
251968 612.5300000000
251980 618.0200000000
251981 628.7100000000
252008 629.3900000000
252034 630.3300000000
252061 672.9800000000
252176 681.4900000000
252192 683.3500000000
252194 692.9200000000
252204 698.8700000000
252261 700.7200000000
252271 707.1400000000
252834 715.4400000000
253417 716.2900000000
253501 732.2500000000
254530 772.0200000000
254572 812.9900000000
254615 847.3400000000
254634 874.4900000000
254810 901.6500000000
255482 911.3700000000
255705 915.1600000000
evaluations raw_y
260001 0.0000000000
260002 22.7600000000
260003 23.9600000000
260005 31.7300000000
260011 37.9000000000
260012 49.7600000000
260015 61.4000000000
260022 78.8300000000
260025 81.0300000000
260026 98.1400000000
260028 104.5900000000
260063 116.1000000000
260079 120.4900000000
260083 164.8900000000
260114 166.1000000000
260144 170.9600000000
260184 173.0500000000
260191 189.6200000000
260214 197.6200000000
260242 228.8800000000
260250 245.5900000000
260251 249.7900000000
260283 269.1700000000
260334 287.4500000000
260394 290.1700000000
260431 294.8500000000
260451 298.8500000000
260453 308.9900000000
260520 316.4500000000
260522 340.8300000000
260697 352.5900000000
260711 372.1000000000
260716 373.9800000000
260745 389.3900000000
260779 392.3300000000
260801 395.4100000000
260805 413.3200000000
261066 414.0000000000
261312 416.1600000000
261356 416.5800000000
261439 418.3400000000
261460 423.0500000000
261492 438.0300000000
261546 439.8000000000
261547 449.6400000000
261559 451.8200000000
261625 480.7500000000
261780 490.0500000000
261872 507.7200000000
262219 507.9000000000
262270 516.3400000000
262401 591.6300000000
262548 594.9200000000
262577 608.9400000000
262759 613.9300000000
262795 615.6500000000
263053 621.0500000000
263064 628.2300000000
263142 636.7800000000
263150 639.6800000000
263152 646.4800000000
263180 651.3200000000
263201 664.3700000000
263261 673.2100000000
263323 683.3900000000
263485 684.0200000000
263524 688.5000000000
263526 697.2600000000
266280 703.6500000000
266356 713.4000000000
267180 713.5200000000
267233 714.7100000000
267239 717.1500000000
267241 726.2500000000
267245 728.6300000000
267256 732.6300000000
267261 734.8400000000
267270 749.8000000000
267306 756.1000000000
267341 759.0700000000
267352 762.2600000000
267385 778.0400000000
267637 781.1100000000
267685 796.4300000000
267744 814.9000000000
267762 839.2200000000
267877 853.8700000000
267952 855.4800000000
269367 856.4000000000
269504 864.2900000000
269525 874.9300000000
269885 881.0000000000
269967 882.4300000000
evaluations raw_y
270001 0.0000000000
270002 7.8000000000
270003 22.3200000000
270004 41.2400000000
270008 45.6300000000
270016 57.5500000000
270019 66.7200000000
270035 72.4900000000
270042 75.7600000000
270047 100.6300000000
270052 252.0200000000
270071 266.9500000000
270082 281.0700000000
270093 283.0000000000
270149 284.8900000000
270210 287.1300000000
270237 291.4900000000
270240 302.9000000000
270313 313.9700000000
270336 316.8500000000
270386 364.1900000000
270452 384.4000000000
270461 396.6300000000
270474 407.4100000000
270485 417.8200000000
270520 539.9000000000
270569 558.7200000000
270610 573.6500000000
270714 574.6900000000
270801 585.7200000000
270846 591.4900000000
270856 610.4600000000
270857 611.8000000000
270873 612.6300000000
270877 613.7200000000
270888 649.3600000000
270937 654.5600000000
270974 659.1000000000
271016 672.4700000000
271017 676.8400000000
271076 682.6400000000
271203 687.5400000000
271274 706.9200000000
271849 714.9100000000
272081 717.1800000000
272090 733.8300000000
272180 746.0700000000
272407 825.5800000000
272478 839.7100000000
272491 842.1900000000
272528 846.3800000000
272615 851.7500000000
272695 859.5300000000
272717 862.1300000000
272751 867.0700000000
272783 871.3100000000
272830 874.4700000000
272884 876.6800000000
273326 886.7600000000
273554 891.0300000000
273655 910.0500000000
273776 914.6000000000
274178 922.2300000000
274563 922.5100000000
277715 925.1800000000
277774 925.5500000000
277948 933.6300000000
278166 938.2000000000
278539 942.9400000000
278551 959.2800000000
278592 972.7200000000
evaluations raw_y
280001 0.0000000000
280002 20.7500000000
280003 31.0800000000
280004 35.6900000000
280006 49.2700000000
280008 52.8400000000
280012 74.8600000000
280013 88.0400000000
280019 96.5200000000
280037 100.1200000000
280043 102.0600000000
280063 113.0500000000
280064 119.9300000000
280065 122.2700000000
280066 145.4200000000
280068 175.5600000000
280123 176.5300000000
280124 181.1200000000
280125 192.8600000000
280157 197.1400000000
280162 206.5800000000
280164 218.9700000000
280186 219.1800000000
280206 226.1400000000
280208 235.2000000000
280211 252.0200000000
280312 254.7900000000
280347 261.0900000000
280372 265.8300000000
280414 275.5300000000
280440 284.7300000000
280526 284.7600000000
280534 284.8800000000
280541 286.2100000000
280548 291.3900000000
280561 299.9600000000
280575 305.2600000000
280602 312.0400000000
280616 324.5600000000
280728 343.3500000000
280736 387.5200000000
280747 388.5100000000
280891 406.1400000000
281035 409.5200000000
281634 418.3700000000
281663 425.8800000000
281664 522.8500000000
281673 533.2300000000
281686 540.0100000000
281692 541.6600000000
281707 545.1300000000
281721 560.9800000000
281828 561.0800000000
281847 565.3400000000
281851 567.4800000000
281952 585.2800000000
282017 587.3900000000
282048 593.3500000000
282078 603.2600000000
282095 609.1900000000
282292 613.0700000000
282325 622.3800000000
282374 628.8600000000
282532 639.6200000000
282567 640.7800000000
282710 641.3600000000
282714 655.7500000000
282930 662.3700000000
282946 664.9800000000
282981 669.4900000000
282982 670.2900000000
283046 673.1900000000
283079 691.0100000000
283451 695.7600000000
283636 708.1500000000
284171 709.7100000000
284604 716.2900000000
285156 717.9300000000
285272 719.1500000000
285292 720.1800000000
285859 721.0000000000
285933 721.2400000000
286016 730.2600000000
286121 731.1300000000
286162 731.8400000000
286290 735.4500000000
286544 738.7800000000
286657 741.4500000000
287103 747.2400000000
287193 749.6600000000
287726 758.8000000000
287968 771.4200000000
288515 776.8900000000
289273 779.3000000000
289477 782.6100000000
289509 801.8700000000
289624 809.1900000000
289663 811.1600000000
289702 831.0800000000
289799 836.8000000000
289813 839.4500000000
evaluations raw_y
290001 0.0000000000
290002 6.1500000000
290003 7.9400000000
290004 12.8500000000
290005 19.5000000000
290006 25.3100000000
290007 44.0100000000
290022 45.6700000000
290026 50.0500000000
290030 54.1100000000
290031 55.1800000000
290037 55.6900000000
290042 69.0200000000
290057 79.8100000000
290065 80.0600000000
290070 99.0400000000
290071 138.9000000000
290082 153.7000000000
290123 158.0600000000
290127 161.6900000000
290129 164.4600000000
290144 165.7500000000
290148 173.2100000000
290153 181.5400000000
290157 197.7800000000
290181 223.0000000000
290184 225.5800000000
290269 245.6000000000
290270 261.0400000000
290290 264.2400000000
290333 276.7600000000
290338 285.5500000000
290453 291.5000000000
290765 297.5800000000
290785 299.0400000000
290823 300.6900000000
290830 323.9200000000
290839 326.9100000000
290854 330.1000000000
290862 355.3000000000
290875 365.3400000000
291020 367.7900000000
291075 373.2700000000
291233 379.0400000000
291298 383.2200000000
291496 386.4400000000
291528 462.2500000000
291530 465.1600000000
291536 477.6500000000
291571 485.6600000000
291600 501.1800000000
291628 507.7800000000
291673 519.2200000000
291952 527.8900000000
291986 543.1900000000
292035 546.7200000000
292057 548.1000000000
292069 552.6500000000
292083 555.1000000000
292116 595.5400000000
292845 595.5600000000
292901 611.4100000000
292936 618.1500000000
292954 627.7900000000
293076 640.2200000000
293083 652.9600000000
293121 673.6300000000
293227 677.6400000000
293270 695.9100000000
293271 714.2200000000
293779 718.6000000000
293792 729.4500000000
293828 734.9000000000
293836 738.1300000000
293888 741.0200000000
293968 748.0400000000
294124 768.1300000000
294575 781.6100000000
295657 784.3600000000
296384 785.5600000000
296441 820.3700000000
296449 822.6200000000
296454 843.8700000000
296485 846.5700000000
296570 864.3200000000
296685 874.5200000000
296812 877.8400000000
296856 888.8300000000
297035 892.1300000000
297526 902.6000000000
298967 903.7600000000
299321 906.9300000000
299723 908.3600000000
299724 917.5900000000
299972 919.0100000000
