evaluations raw_y
1 -199.0000000000
10 -196.0000000000
54 -195.0000000000
139 -189.0000000000
491 -176.0000000000
1272 -170.0000000000
10000 -226.0000000000
evaluations raw_y
1 -218.0000000000
2 -210.0000000000
5 -205.0000000000
6 -189.0000000000
487 -179.0000000000
1463 -176.0000000000
9585 -171.0000000000
10000 -215.0000000000
evaluations raw_y
1 -217.0000000000
3 -214.0000000000
4 -204.0000000000
31 -197.0000000000
37 -193.0000000000
38 -192.0000000000
51 -189.0000000000
213 -188.0000000000
822 -183.0000000000
1377 -182.0000000000
1866 -180.0000000000
3466 -179.0000000000
4920 -175.0000000000
10000 -232.0000000000
evaluations raw_y
1 -202.0000000000
2 -201.0000000000
29 -199.0000000000
32 -186.0000000000
121 -182.0000000000
155 -177.0000000000
10000 -236.0000000000
evaluations raw_y
1 -224.0000000000
2 -203.0000000000
3 -192.0000000000
45 -181.0000000000
1623 -176.0000000000
6780 -171.0000000000
10000 -228.0000000000
evaluations raw_y
1 -227.0000000000
2 -226.0000000000
3 -202.0000000000
29 -200.0000000000
33 -199.0000000000
75 -192.0000000000
126 -191.0000000000
251 -189.0000000000
320 -187.0000000000
475 -184.0000000000
1209 -180.0000000000
1729 -178.0000000000
5335 -176.0000000000
10000 -206.0000000000
evaluations raw_y
1 -214.0000000000
5 -203.0000000000
7 -196.0000000000
9 -184.0000000000
293 -181.0000000000
2959 -179.0000000000
8980 -176.0000000000
10000 -219.0000000000
evaluations raw_y
1 -194.0000000000
106 -188.0000000000
166 -180.0000000000
3428 -178.0000000000
8128 -177.0000000000
10000 -211.0000000000
evaluations raw_y
1 -230.0000000000
2 -227.0000000000
3 -212.0000000000
4 -203.0000000000
25 -202.0000000000
30 -200.0000000000
32 -194.0000000000
104 -191.0000000000
188 -189.0000000000
249 -184.0000000000
1905 -178.0000000000
6396 -177.0000000000
10000 -212.0000000000
evaluations raw_y
1 -213.0000000000
3 -187.0000000000
374 -181.0000000000
4208 -176.0000000000
10000 -223.0000000000
evaluations raw_y
1 -221.0000000000
2 -195.0000000000
57 -192.0000000000
97 -179.0000000000
382 -178.0000000000
10000 -211.0000000000
evaluations raw_y
1 -207.0000000000
2 -204.0000000000
4 -203.0000000000
7 -195.0000000000
11 -193.0000000000
82 -192.0000000000
192 -190.0000000000
195 -187.0000000000
524 -186.0000000000
698 -181.0000000000
793 -179.0000000000
4652 -178.0000000000
10000 -197.0000000000
evaluations raw_y
1 -222.0000000000
2 -213.0000000000
5 -196.0000000000
34 -181.0000000000
169 -180.0000000000
266 -177.0000000000
10000 -226.0000000000
evaluations raw_y
1 -211.0000000000
4 -200.0000000000
5 -196.0000000000
38 -191.0000000000
187 -190.0000000000
202 -183.0000000000
505 -177.0000000000
1513 -172.0000000000
7612 -171.0000000000
10000 -240.0000000000
evaluations raw_y
1 -186.0000000000
534 -176.0000000000
2106 -175.0000000000
10000 -213.0000000000
evaluations raw_y
1 -217.0000000000
2 -206.0000000000
19 -193.0000000000
67 -190.0000000000
152 -189.0000000000
376 -185.0000000000
912 -184.0000000000
2094 -183.0000000000
2783 -182.0000000000
3082 -180.0000000000
10000 -204.0000000000
evaluations raw_y
1 -197.0000000000
5 -196.0000000000
59 -193.0000000000
69 -189.0000000000
370 -188.0000000000
776 -182.0000000000
984 -180.0000000000
2421 -178.0000000000
5705 -175.0000000000
5911 -172.0000000000
10000 -217.0000000000
evaluations raw_y
1 -197.0000000000
13 -195.0000000000
47 -181.0000000000
1235 -178.0000000000
3998 -177.0000000000
6262 -167.0000000000
10000 -214.0000000000
evaluations raw_y
1 -208.0000000000
2 -198.0000000000
10 -186.0000000000
1149 -183.0000000000
1167 -180.0000000000
3013 -172.0000000000
10000 -219.0000000000
evaluations raw_y
1 -217.0000000000
3 -214.0000000000
9 -212.0000000000
10 -209.0000000000
14 -196.0000000000
46 -188.0000000000
654 -177.0000000000
10000 -224.0000000000
evaluations raw_y
1 -205.0000000000
5 -200.0000000000
25 -198.0000000000
44 -196.0000000000
97 -188.0000000000
159 -181.0000000000
2231 -179.0000000000
4482 -178.0000000000
4703 -172.0000000000
9568 -171.0000000000
10000 -191.0000000000
evaluations raw_y
1 -222.0000000000
2 -209.0000000000
6 -199.0000000000
25 -179.0000000000
443 -177.0000000000
10000 -207.0000000000
evaluations raw_y
1 -219.0000000000
2 -210.0000000000
12 -206.0000000000
17 -198.0000000000
21 -193.0000000000
40 -192.0000000000
308 -191.0000000000
436 -190.0000000000
474 -176.0000000000
10000 -225.0000000000
evaluations raw_y
1 -210.0000000000
3 -197.0000000000
11 -189.0000000000
175 -180.0000000000
1440 -179.0000000000
3286 -174.0000000000
7740 -170.0000000000
10000 -243.0000000000
evaluations raw_y
1 -234.0000000000
2 -228.0000000000
3 -216.0000000000
5 -215.0000000000
6 -214.0000000000
8 -211.0000000000
13 -207.0000000000
14 -201.0000000000
32 -198.0000000000
55 -196.0000000000
208 -193.0000000000
218 -192.0000000000
233 -189.0000000000
414 -187.0000000000
438 -171.0000000000
10000 -226.0000000000
evaluations raw_y
1 -224.0000000000
2 -193.0000000000
41 -188.0000000000
126 -187.0000000000
193 -185.0000000000
1038 -182.0000000000
2003 -179.0000000000
3346 -168.0000000000
10000 -218.0000000000
evaluations raw_y
1 -229.0000000000
2 -223.0000000000
3 -202.0000000000
67 -198.0000000000
78 -195.0000000000
98 -185.0000000000
548 -178.0000000000
3653 -172.0000000000
10000 -205.0000000000
evaluations raw_y
1 -199.0000000000
29 -191.0000000000
121 -190.0000000000
231 -188.0000000000
270 -186.0000000000
605 -182.0000000000
1234 -181.0000000000
4139 -179.0000000000
10000 -213.0000000000
evaluations raw_y
1 -223.0000000000
2 -196.0000000000
33 -195.0000000000
140 -181.0000000000
149 -179.0000000000
2346 -176.0000000000
10000 -220.0000000000
evaluations raw_y
1 -225.0000000000
2 -217.0000000000
5 -216.0000000000
9 -213.0000000000
11 -210.0000000000
14 -204.0000000000
17 -198.0000000000
34 -194.0000000000
104 -190.0000000000
134 -185.0000000000
1097 -183.0000000000
2378 -179.0000000000
2930 -177.0000000000
4651 -174.0000000000
10000 -205.0000000000
evaluations raw_y
1 -215.0000000000
4 -212.0000000000
5 -211.0000000000
10 -209.0000000000
11 -203.0000000000
25 -200.0000000000
29 -194.0000000000
61 -189.0000000000
200 -187.0000000000
470 -184.0000000000
539 -183.0000000000
1135 -173.0000000000
2076 -172.0000000000
10000 -239.0000000000
evaluations raw_y
1 -223.0000000000
2 -218.0000000000
3 -214.0000000000
6 -195.0000000000
40 -185.0000000000
603 -184.0000000000
1824 -178.0000000000
9881 -167.0000000000
10000 -198.0000000000
evaluations raw_y
1 -219.0000000000
2 -189.0000000000
278 -186.0000000000
1186 -184.0000000000
2314 -182.0000000000
3836 -181.0000000000
7382 -179.0000000000
7737 -178.0000000000
10000 -214.0000000000
evaluations raw_y
1 -215.0000000000
4 -212.0000000000
7 -206.0000000000
9 -204.0000000000
10 -199.0000000000
13 -191.0000000000
19 -187.0000000000
47 -176.0000000000
4717 -174.0000000000
10000 -202.0000000000
evaluations raw_y
1 -200.0000000000
19 -186.0000000000
96 -172.0000000000
10000 -206.0000000000
evaluations raw_y
1 -222.0000000000
2 -208.0000000000
3 -203.0000000000
4 -198.0000000000
10 -185.0000000000
881 -181.0000000000
1087 -179.0000000000
2780 -175.0000000000
7130 -173.0000000000
10000 -221.0000000000
evaluations raw_y
1 -217.0000000000
3 -197.0000000000
36 -194.0000000000
47 -191.0000000000
94 -179.0000000000
2915 -178.0000000000
7309 -168.0000000000
10000 -220.0000000000
evaluations raw_y
1 -226.0000000000
2 -220.0000000000
6 -209.0000000000
7 -204.0000000000
8 -199.0000000000
21 -192.0000000000
130 -179.0000000000
1243 -175.0000000000
10000 -200.0000000000
evaluations raw_y
1 -215.0000000000
2 -208.0000000000
4 -205.0000000000
9 -194.0000000000
73 -189.0000000000
1406 -185.0000000000
2313 -184.0000000000
2371 -174.0000000000
10000 -222.0000000000
evaluations raw_y
1 -203.0000000000
34 -200.0000000000
40 -195.0000000000
103 -190.0000000000
178 -187.0000000000
485 -184.0000000000
594 -179.0000000000
3602 -178.0000000000
6921 -177.0000000000
10000 -231.0000000000
evaluations raw_y
1 -222.0000000000
4 -208.0000000000
7 -184.0000000000
337 -181.0000000000
1674 -177.0000000000
7363 -176.0000000000
9705 -174.0000000000
10000 -221.0000000000
evaluations raw_y
1 -223.0000000000
3 -204.0000000000
6 -200.0000000000
15 -197.0000000000
53 -195.0000000000
95 -189.0000000000
100 -188.0000000000
191 -183.0000000000
222 -179.0000000000
807 -175.0000000000
10000 -209.0000000000
evaluations raw_y
1 -206.0000000000
2 -203.0000000000
3 -198.0000000000
14 -181.0000000000
337 -180.0000000000
476 -179.0000000000
7249 -174.0000000000
10000 -214.0000000000
evaluations raw_y
1 -212.0000000000
2 -202.0000000000
6 -201.0000000000
37 -200.0000000000
46 -199.0000000000
52 -189.0000000000
573 -188.0000000000
676 -186.0000000000
1312 -184.0000000000
1855 -183.0000000000
1996 -180.0000000000
4219 -178.0000000000
10000 -232.0000000000
evaluations raw_y
1 -217.0000000000
3 -215.0000000000
5 -212.0000000000
8 -203.0000000000
13 -189.0000000000
209 -186.0000000000
872 -184.0000000000
1084 -182.0000000000
3409 -178.0000000000
10000 -236.0000000000
evaluations raw_y
1 -231.0000000000
2 -206.0000000000
6 -204.0000000000
23 -202.0000000000
27 -194.0000000000
81 -191.0000000000
108 -189.0000000000
140 -185.0000000000
210 -183.0000000000
830 -178.0000000000
1719 -172.0000000000
10000 -219.0000000000
evaluations raw_y
1 -218.0000000000
3 -212.0000000000
5 -211.0000000000
10 -208.0000000000
12 -188.0000000000
46 -176.0000000000
10000 -205.0000000000
evaluations raw_y
1 -203.0000000000
2 -194.0000000000
3 -189.0000000000
35 -188.0000000000
93 -187.0000000000
188 -185.0000000000
205 -183.0000000000
1232 -181.0000000000
2216 -175.0000000000
10000 -228.0000000000
evaluations raw_y
1 -234.0000000000
2 -203.0000000000
3 -202.0000000000
6 -199.0000000000
23 -198.0000000000
45 -196.0000000000
48 -193.0000000000
134 -189.0000000000
180 -181.0000000000
674 -180.0000000000
1264 -178.0000000000
10000 -216.0000000000
evaluations raw_y
1 -208.0000000000
5 -201.0000000000
18 -197.0000000000
26 -193.0000000000
52 -180.0000000000
1220 -177.0000000000
10000 -213.0000000000
evaluations raw_y
1 -223.0000000000
2 -218.0000000000
4 -206.0000000000
10 -203.0000000000
14 -195.0000000000
47 -192.0000000000
74 -190.0000000000
375 -182.0000000000
794 -176.0000000000
7348 -173.0000000000
10000 -209.0000000000
evaluations raw_y
1 -214.0000000000
2 -208.0000000000
7 -205.0000000000
15 -202.0000000000
21 -196.0000000000
54 -194.0000000000
73 -192.0000000000
131 -190.0000000000
261 -179.0000000000
1302 -176.0000000000
4006 -175.0000000000
5016 -173.0000000000
10000 -206.0000000000
evaluations raw_y
1 -207.0000000000
2 -201.0000000000
42 -196.0000000000
46 -192.0000000000
93 -191.0000000000
219 -173.0000000000
4155 -172.0000000000
10000 -211.0000000000
evaluations raw_y
1 -208.0000000000
2 -205.0000000000
4 -195.0000000000
8 -193.0000000000
68 -190.0000000000
163 -188.0000000000
582 -183.0000000000
1804 -182.0000000000
2908 -165.0000000000
10000 -204.0000000000
evaluations raw_y
1 -197.0000000000
43 -196.0000000000
62 -187.0000000000
209 -186.0000000000
304 -185.0000000000
548 -181.0000000000
617 -179.0000000000
2497 -178.0000000000
9454 -175.0000000000
10000 -224.0000000000
evaluations raw_y
1 -216.0000000000
3 -196.0000000000
49 -195.0000000000
188 -189.0000000000
326 -187.0000000000
865 -183.0000000000
1565 -182.0000000000
1997 -175.0000000000
10000 -208.0000000000
evaluations raw_y
1 -218.0000000000
2 -211.0000000000
3 -208.0000000000
11 -207.0000000000
12 -200.0000000000
31 -198.0000000000
56 -190.0000000000
118 -186.0000000000
512 -184.0000000000
1754 -180.0000000000
4641 -179.0000000000
10000 -190.0000000000
evaluations raw_y
1 -204.0000000000
5 -202.0000000000
28 -201.0000000000
30 -199.0000000000
32 -197.0000000000
49 -194.0000000000
77 -187.0000000000
106 -182.0000000000
3392 -177.0000000000
6320 -176.0000000000
10000 -223.0000000000
evaluations raw_y
1 -222.0000000000
2 -220.0000000000
4 -202.0000000000
8 -192.0000000000
135 -190.0000000000
374 -188.0000000000
438 -187.0000000000
686 -182.0000000000
2595 -173.0000000000
10000 -218.0000000000
evaluations raw_y
1 -203.0000000000
3 -201.0000000000
5 -189.0000000000
14 -186.0000000000
118 -184.0000000000
170 -182.0000000000
1129 -172.0000000000
10000 -212.0000000000
evaluations raw_y
1 -227.0000000000
2 -207.0000000000
4 -201.0000000000
5 -198.0000000000
6 -188.0000000000
15 -187.0000000000
130 -185.0000000000
794 -184.0000000000
1669 -183.0000000000
1828 -182.0000000000
2785 -176.0000000000
10000 -219.0000000000
evaluations raw_y
1 -222.0000000000
2 -219.0000000000
3 -207.0000000000
14 -203.0000000000
22 -199.0000000000
24 -192.0000000000
27 -187.0000000000
726 -186.0000000000
884 -185.0000000000
1027 -183.0000000000
2836 -180.0000000000
3610 -172.0000000000
10000 -217.0000000000
evaluations raw_y
1 -217.0000000000
2 -209.0000000000
6 -207.0000000000
7 -190.0000000000
65 -188.0000000000
260 -182.0000000000
363 -177.0000000000
2745 -171.0000000000
10000 -198.0000000000
evaluations raw_y
1 -221.0000000000
2 -211.0000000000
5 -209.0000000000
7 -204.0000000000
9 -202.0000000000
15 -196.0000000000
40 -191.0000000000
295 -188.0000000000
687 -185.0000000000
1507 -184.0000000000
1741 -180.0000000000
2279 -178.0000000000
10000 -222.0000000000
evaluations raw_y
1 -226.0000000000
2 -210.0000000000
6 -187.0000000000
630 -186.0000000000
691 -182.0000000000
5783 -178.0000000000
6088 -175.0000000000
10000 -218.0000000000
evaluations raw_y
1 -220.0000000000
2 -217.0000000000
4 -215.0000000000
9 -214.0000000000
11 -207.0000000000
12 -199.0000000000
37 -190.0000000000
62 -189.0000000000
71 -181.0000000000
376 -178.0000000000
3760 -177.0000000000
10000 -218.0000000000
evaluations raw_y
1 -215.0000000000
2 -212.0000000000
3 -209.0000000000
4 -205.0000000000
7 -196.0000000000
23 -188.0000000000
144 -178.0000000000
4989 -176.0000000000
10000 -205.0000000000
evaluations raw_y
1 -225.0000000000
2 -192.0000000000
13 -189.0000000000
140 -182.0000000000
1005 -181.0000000000
1781 -179.0000000000
3025 -177.0000000000
10000 -204.0000000000
evaluations raw_y
1 -210.0000000000
4 -209.0000000000
9 -206.0000000000
13 -205.0000000000
15 -197.0000000000
26 -193.0000000000
93 -192.0000000000
176 -189.0000000000
183 -184.0000000000
956 -175.0000000000
10000 -230.0000000000
evaluations raw_y
1 -217.0000000000
2 -207.0000000000
11 -206.0000000000
14 -203.0000000000
20 -196.0000000000
41 -193.0000000000
189 -189.0000000000
300 -186.0000000000
1450 -185.0000000000
2307 -184.0000000000
2954 -180.0000000000
3257 -178.0000000000
9871 -177.0000000000
10000 -212.0000000000
evaluations raw_y
1 -222.0000000000
2 -215.0000000000
4 -212.0000000000
5 -196.0000000000
16 -188.0000000000
18 -187.0000000000
119 -181.0000000000
3106 -180.0000000000
5340 -179.0000000000
7781 -170.0000000000
10000 -219.0000000000
evaluations raw_y
1 -212.0000000000
4 -209.0000000000
5 -200.0000000000
10 -194.0000000000
69 -184.0000000000
1052 -182.0000000000
1267 -179.0000000000
10000 -206.0000000000
evaluations raw_y
1 -227.0000000000
2 -222.0000000000
3 -217.0000000000
4 -212.0000000000
10 -207.0000000000
13 -204.0000000000
18 -197.0000000000
57 -192.0000000000
62 -184.0000000000
446 -182.0000000000
655 -176.0000000000
8112 -172.0000000000
10000 -195.0000000000
evaluations raw_y
1 -210.0000000000
2 -190.0000000000
156 -189.0000000000
729 -187.0000000000
989 -186.0000000000
1720 -185.0000000000
2168 -176.0000000000
10000 -219.0000000000
evaluations raw_y
1 -209.0000000000
6 -203.0000000000
16 -202.0000000000
19 -195.0000000000
29 -194.0000000000
109 -192.0000000000
237 -189.0000000000
388 -185.0000000000
1970 -183.0000000000
2757 -180.0000000000
4935 -175.0000000000
10000 -202.0000000000
evaluations raw_y
1 -201.0000000000
4 -196.0000000000
7 -194.0000000000
12 -193.0000000000
21 -189.0000000000
469 -184.0000000000
793 -183.0000000000
1582 -179.0000000000
1639 -177.0000000000
10000 -217.0000000000
evaluations raw_y
1 -211.0000000000
4 -199.0000000000
32 -186.0000000000
305 -183.0000000000
902 -176.0000000000
5549 -174.0000000000
10000 -212.0000000000
evaluations raw_y
1 -222.0000000000
3 -221.0000000000
4 -206.0000000000
13 -202.0000000000
19 -196.0000000000
50 -187.0000000000
158 -183.0000000000
541 -180.0000000000
4021 -176.0000000000
5963 -175.0000000000
7624 -173.0000000000
10000 -214.0000000000
evaluations raw_y
1 -218.0000000000
2 -202.0000000000
22 -194.0000000000
103 -192.0000000000
118 -190.0000000000
120 -186.0000000000
752 -185.0000000000
1670 -180.0000000000
2476 -179.0000000000
4340 -173.0000000000
10000 -206.0000000000
evaluations raw_y
1 -209.0000000000
7 -200.0000000000
36 -189.0000000000
123 -184.0000000000
1068 -183.0000000000
1697 -180.0000000000
1760 -178.0000000000
3858 -173.0000000000
10000 -216.0000000000
evaluations raw_y
1 -214.0000000000
3 -208.0000000000
5 -203.0000000000
9 -198.0000000000
11 -190.0000000000
45 -186.0000000000
262 -182.0000000000
2281 -181.0000000000
2655 -175.0000000000
10000 -203.0000000000
evaluations raw_y
1 -213.0000000000
2 -209.0000000000
8 -204.0000000000
26 -200.0000000000
47 -199.0000000000
49 -198.0000000000
59 -194.0000000000
96 -192.0000000000
199 -185.0000000000
601 -178.0000000000
3251 -176.0000000000
7962 -174.0000000000
10000 -219.0000000000
evaluations raw_y
1 -213.0000000000
4 -209.0000000000
14 -198.0000000000
21 -194.0000000000
41 -188.0000000000
131 -186.0000000000
295 -179.0000000000
1245 -171.0000000000
10000 -231.0000000000
evaluations raw_y
1 -221.0000000000
2 -209.0000000000
5 -195.0000000000
118 -186.0000000000
984 -177.0000000000
10000 -208.0000000000
evaluations raw_y
1 -209.0000000000
7 -207.0000000000
10 -205.0000000000
13 -196.0000000000
25 -191.0000000000
170 -185.0000000000
704 -184.0000000000
1135 -183.0000000000
2274 -182.0000000000
2817 -181.0000000000
10000 -212.0000000000
evaluations raw_y
1 -200.0000000000
30 -196.0000000000
36 -192.0000000000
37 -188.0000000000
274 -186.0000000000
467 -185.0000000000
1250 -182.0000000000
1746 -179.0000000000
2108 -178.0000000000
2262 -175.0000000000
3699 -172.0000000000
10000 -213.0000000000
evaluations raw_y
1 -223.0000000000
2 -204.0000000000
4 -190.0000000000
60 -175.0000000000
10000 -209.0000000000
evaluations raw_y
1 -224.0000000000
2 -212.0000000000
3 -205.0000000000
5 -202.0000000000
13 -199.0000000000
19 -195.0000000000
63 -193.0000000000
72 -191.0000000000
165 -186.0000000000
448 -185.0000000000
1682 -184.0000000000
1860 -176.0000000000
6216 -173.0000000000
10000 -226.0000000000
evaluations raw_y
1 -218.0000000000
7 -217.0000000000
10 -208.0000000000
11 -201.0000000000
21 -200.0000000000
32 -195.0000000000
34 -188.0000000000
96 -186.0000000000
443 -209.0000000000
