evaluations raw_y
1 0.0000000000
2 143.0000000000
4 197.0000000000
6 241.0000000000
8 268.0000000000
9 294.0000000000
10 312.0000000000
11 326.0000000000
15 401.0000000000
54 402.0000000000
92 406.0000000000
116 410.0000000000
120 412.0000000000
141 416.0000000000
242 419.0000000000
321 421.0000000000
469 423.0000000000
583 424.0000000000
767 426.0000000000
777 427.0000000000
889 431.0000000000
1048 432.0000000000
1240 436.0000000000
2977 437.0000000000
3262 438.0000000000
3773 440.0000000000
3879 441.0000000000
3922 442.0000000000
6936 444.0000000000
7526 445.0000000000
10000 343.0000000000
evaluations raw_y
10001 0.0000000000
10002 167.0000000000
10004 216.0000000000
10008 258.0000000000
10010 293.0000000000
10011 356.0000000000
10018 370.0000000000
10023 389.0000000000
10032 408.0000000000
10069 411.0000000000
10080 416.0000000000
10153 419.0000000000
10315 420.0000000000
10395 423.0000000000
10461 424.0000000000
10472 426.0000000000
10488 427.0000000000
10550 428.0000000000
10564 429.0000000000
10697 430.0000000000
10791 431.0000000000
10883 434.0000000000
12797 435.0000000000
12997 436.0000000000
14533 438.0000000000
17117 439.0000000000
17122 441.0000000000
18049 442.0000000000
18642 443.0000000000
evaluations raw_y
20001 0.0000000000
20002 135.0000000000
20004 196.0000000000
20008 208.0000000000
20009 241.0000000000
20010 279.0000000000
20012 327.0000000000
20014 349.0000000000
20018 353.0000000000
20027 379.0000000000
20051 395.0000000000
20058 401.0000000000
20066 405.0000000000
20081 406.0000000000
20104 409.0000000000
20266 412.0000000000
20304 413.0000000000
20326 419.0000000000
20335 420.0000000000
20416 424.0000000000
20699 425.0000000000
21060 426.0000000000
21074 427.0000000000
21102 428.0000000000
21578 431.0000000000
21823 433.0000000000
22005 434.0000000000
22636 435.0000000000
23160 437.0000000000
23536 438.0000000000
26553 441.0000000000
evaluations raw_y
30001 0.0000000000
30002 101.0000000000
30003 149.0000000000
30004 208.0000000000
30005 215.0000000000
30006 257.0000000000
30007 278.0000000000
30009 303.0000000000
30010 336.0000000000
30014 350.0000000000
30015 378.0000000000
30023 381.0000000000
30026 397.0000000000
30033 398.0000000000
30055 403.0000000000
30123 409.0000000000
30156 414.0000000000
30182 415.0000000000
30269 420.0000000000
30429 421.0000000000
30439 422.0000000000
30485 423.0000000000
30486 424.0000000000
30496 428.0000000000
30852 429.0000000000
31275 430.0000000000
31466 431.0000000000
31550 433.0000000000
33748 434.0000000000
34004 435.0000000000
34403 436.0000000000
34985 439.0000000000
37109 440.0000000000
evaluations raw_y
40001 0.0000000000
40002 76.0000000000
40003 78.0000000000
40004 140.0000000000
40005 161.0000000000
40006 215.0000000000
40009 267.0000000000
40012 301.0000000000
40015 302.0000000000
40016 330.0000000000
40025 333.0000000000
40031 399.0000000000
40094 404.0000000000
40111 411.0000000000
40118 417.0000000000
40139 418.0000000000
40213 420.0000000000
40285 421.0000000000
40289 422.0000000000
40308 424.0000000000
40499 425.0000000000
40526 428.0000000000
40562 429.0000000000
41123 430.0000000000
41197 433.0000000000
41435 434.0000000000
41720 435.0000000000
41782 436.0000000000
43084 437.0000000000
43895 438.0000000000
44597 439.0000000000
47144 440.0000000000
47571 441.0000000000
48963 442.0000000000
evaluations raw_y
50001 0.0000000000
50002 80.0000000000
50003 98.0000000000
50004 183.0000000000
50008 214.0000000000
50009 335.0000000000
50012 338.0000000000
50020 362.0000000000
50023 390.0000000000
50026 401.0000000000
50050 402.0000000000
50089 411.0000000000
50110 422.0000000000
50265 424.0000000000
50278 428.0000000000
50459 433.0000000000
50840 434.0000000000
50989 437.0000000000
54798 438.0000000000
56925 440.0000000000
58420 443.0000000000
evaluations raw_y
60001 0.0000000000
60002 46.0000000000
60003 113.0000000000
60004 121.0000000000
60005 148.0000000000
60006 201.0000000000
60009 202.0000000000
60013 246.0000000000
60014 250.0000000000
60017 289.0000000000
60020 312.0000000000
60025 379.0000000000
60031 385.0000000000
60044 386.0000000000
60046 391.0000000000
60051 399.0000000000
60060 401.0000000000
60069 402.0000000000
60095 407.0000000000
60146 408.0000000000
60191 412.0000000000
60250 418.0000000000
60254 419.0000000000
60370 420.0000000000
60464 422.0000000000
60516 425.0000000000
60585 426.0000000000
60640 427.0000000000
60782 428.0000000000
61033 431.0000000000
61265 433.0000000000
61412 435.0000000000
62414 436.0000000000
62632 437.0000000000
62869 439.0000000000
67959 440.0000000000
evaluations raw_y
70001 0.0000000000
70002 56.0000000000
70004 106.0000000000
70006 144.0000000000
70011 252.0000000000
70015 261.0000000000
70017 282.0000000000
70018 294.0000000000
70022 309.0000000000
70024 341.0000000000
70026 345.0000000000
70028 370.0000000000
70030 407.0000000000
70069 410.0000000000
70103 415.0000000000
70197 417.0000000000
70218 423.0000000000
70249 424.0000000000
70376 425.0000000000
70543 428.0000000000
70622 429.0000000000
70737 430.0000000000
71257 431.0000000000
71453 432.0000000000
71686 435.0000000000
74014 436.0000000000
74965 437.0000000000
75348 438.0000000000
78064 439.0000000000
78156 441.0000000000
evaluations raw_y
80001 0.0000000000
80002 147.0000000000
80004 206.0000000000
80005 242.0000000000
80007 284.0000000000
80012 287.0000000000
80014 299.0000000000
80015 306.0000000000
80022 325.0000000000
80027 340.0000000000
80037 364.0000000000
80042 385.0000000000
80047 392.0000000000
80074 396.0000000000
80078 400.0000000000
80104 401.0000000000
80112 410.0000000000
80122 412.0000000000
80131 415.0000000000
80226 418.0000000000
80370 419.0000000000
80412 425.0000000000
80424 429.0000000000
80633 430.0000000000
81089 432.0000000000
81160 433.0000000000
81290 435.0000000000
81822 436.0000000000
82013 437.0000000000
84079 438.0000000000
87145 440.0000000000
evaluations raw_y
90001 0.0000000000
90002 101.0000000000
90003 226.0000000000
90004 306.0000000000
90010 393.0000000000
90032 395.0000000000
90042 405.0000000000
90070 409.0000000000
90072 411.0000000000
90075 412.0000000000
90109 413.0000000000
90166 416.0000000000
90176 418.0000000000
90179 422.0000000000
90270 423.0000000000
90303 426.0000000000
90543 428.0000000000
90625 429.0000000000
90655 430.0000000000
90711 433.0000000000
92259 435.0000000000
92682 437.0000000000
97199 438.0000000000
evaluations raw_y
100001 0.0000000000
100002 128.0000000000
100004 129.0000000000
100005 195.0000000000
100006 196.0000000000
100008 236.0000000000
100009 264.0000000000
100010 329.0000000000
100012 349.0000000000
100016 365.0000000000
100017 369.0000000000
100031 376.0000000000
100039 389.0000000000
100064 396.0000000000
100095 397.0000000000
100142 404.0000000000
100157 414.0000000000
100256 415.0000000000
100303 418.0000000000
100460 424.0000000000
100624 427.0000000000
100645 428.0000000000
100667 429.0000000000
100684 433.0000000000
100738 435.0000000000
100888 437.0000000000
103847 439.0000000000
105695 440.0000000000
109289 441.0000000000
evaluations raw_y
110001 0.0000000000
110002 85.0000000000
110003 133.0000000000
110004 202.0000000000
110007 233.0000000000
110008 235.0000000000
110010 266.0000000000
110013 307.0000000000
110019 329.0000000000
110021 330.0000000000
110027 333.0000000000
110028 368.0000000000
110036 386.0000000000
110037 411.0000000000
110150 415.0000000000
110171 418.0000000000
110204 419.0000000000
110231 420.0000000000
110458 426.0000000000
110698 428.0000000000
110885 430.0000000000
110994 431.0000000000
111078 432.0000000000
111199 433.0000000000
111549 434.0000000000
111898 436.0000000000
112589 437.0000000000
evaluations raw_y
120001 0.0000000000
120002 83.0000000000
120004 135.0000000000
120006 224.0000000000
120008 266.0000000000
120011 288.0000000000
120013 290.0000000000
120015 294.0000000000
120017 350.0000000000
120022 377.0000000000
120045 380.0000000000
120053 384.0000000000
120060 386.0000000000
120069 391.0000000000
120071 407.0000000000
120102 414.0000000000
120203 415.0000000000
120358 416.0000000000
120371 417.0000000000
120483 418.0000000000
120559 426.0000000000
120620 427.0000000000
120888 429.0000000000
121043 432.0000000000
121149 436.0000000000
122244 437.0000000000
123769 438.0000000000
126506 439.0000000000
127583 440.0000000000
evaluations raw_y
130001 0.0000000000
130002 85.0000000000
130003 196.0000000000
130005 271.0000000000
130007 296.0000000000
130009 383.0000000000
130035 401.0000000000
130059 403.0000000000
130084 407.0000000000
130107 413.0000000000
130255 418.0000000000
130306 422.0000000000
130325 423.0000000000
130353 424.0000000000
130473 425.0000000000
130576 426.0000000000
130596 428.0000000000
130886 435.0000000000
131291 438.0000000000
131704 439.0000000000
132368 440.0000000000
evaluations raw_y
140001 0.0000000000
140002 209.0000000000
140003 248.0000000000
140004 249.0000000000
140013 285.0000000000
140014 318.0000000000
140015 346.0000000000
140016 350.0000000000
140018 375.0000000000
140020 387.0000000000
140025 391.0000000000
140030 406.0000000000
140052 407.0000000000
140066 411.0000000000
140077 415.0000000000
140131 422.0000000000
140173 425.0000000000
140349 426.0000000000
140469 429.0000000000
141147 430.0000000000
141361 434.0000000000
141919 435.0000000000
142305 436.0000000000
143242 438.0000000000
144122 439.0000000000
evaluations raw_y
150001 0.0000000000
150002 191.0000000000
150005 194.0000000000
150007 240.0000000000
150008 305.0000000000
150009 317.0000000000
150012 352.0000000000
150027 376.0000000000
150033 388.0000000000
150041 407.0000000000
150098 419.0000000000
150116 420.0000000000
150196 421.0000000000
150257 424.0000000000
150295 425.0000000000
150323 428.0000000000
150674 431.0000000000
152234 432.0000000000
153679 433.0000000000
153924 434.0000000000
154123 435.0000000000
154411 437.0000000000
155344 438.0000000000
156743 439.0000000000
156931 440.0000000000
evaluations raw_y
160001 0.0000000000
160002 159.0000000000
160003 189.0000000000
160004 263.0000000000
160006 273.0000000000
160009 334.0000000000
160013 361.0000000000
160015 367.0000000000
160016 375.0000000000
160026 391.0000000000
160030 398.0000000000
160052 411.0000000000
160076 416.0000000000
160079 422.0000000000
160224 425.0000000000
160251 427.0000000000
160356 431.0000000000
160765 434.0000000000
161421 435.0000000000
162303 436.0000000000
162522 437.0000000000
163415 438.0000000000
165752 439.0000000000
evaluations raw_y
170001 0.0000000000
170002 216.0000000000
170003 247.0000000000
170005 250.0000000000
170006 293.0000000000
170007 334.0000000000
170009 368.0000000000
170011 383.0000000000
170026 397.0000000000
170072 405.0000000000
170106 410.0000000000
170137 424.0000000000
170442 426.0000000000
170444 430.0000000000
170559 431.0000000000
170668 433.0000000000
171895 435.0000000000
176738 437.0000000000
178267 439.0000000000
evaluations raw_y
180001 0.0000000000
180002 70.0000000000
180003 160.0000000000
180005 206.0000000000
180011 229.0000000000
180013 369.0000000000
180016 385.0000000000
180023 395.0000000000
180091 399.0000000000
180093 404.0000000000
180126 406.0000000000
180132 416.0000000000
180254 423.0000000000
180347 424.0000000000
180378 425.0000000000
180636 427.0000000000
180897 428.0000000000
180902 430.0000000000
181129 433.0000000000
182742 434.0000000000
184321 435.0000000000
185079 436.0000000000
186437 437.0000000000
187394 438.0000000000
evaluations raw_y
190001 0.0000000000
190002 185.0000000000
190003 239.0000000000
190005 267.0000000000
190006 351.0000000000
190029 359.0000000000
190032 365.0000000000
190037 381.0000000000
190043 384.0000000000
190050 393.0000000000
190062 399.0000000000
190073 411.0000000000
190106 413.0000000000
190159 420.0000000000
190172 421.0000000000
190306 423.0000000000
190417 427.0000000000
190731 428.0000000000
190824 430.0000000000
191469 431.0000000000
191595 432.0000000000
191649 433.0000000000
191764 434.0000000000
192281 435.0000000000
192657 437.0000000000
193396 438.0000000000
194034 439.0000000000
194362 441.0000000000
198158 442.0000000000
evaluations raw_y
200001 0.0000000000
200002 88.0000000000
200003 154.0000000000
200006 209.0000000000
200011 223.0000000000
200016 277.0000000000
200033 305.0000000000
200037 360.0000000000
200045 394.0000000000
200052 407.0000000000
200077 409.0000000000
200112 411.0000000000
200119 413.0000000000
200148 417.0000000000
200175 421.0000000000
200180 423.0000000000
200182 424.0000000000
200217 429.0000000000
200252 430.0000000000
200438 431.0000000000
200991 432.0000000000
201096 435.0000000000
201459 437.0000000000
203146 438.0000000000
203294 439.0000000000
204222 441.0000000000
205671 442.0000000000
208135 443.0000000000
evaluations raw_y
210001 0.0000000000
210002 141.0000000000
210007 198.0000000000
210009 204.0000000000
210010 296.0000000000
210013 329.0000000000
210019 346.0000000000
210023 352.0000000000
210030 361.0000000000
210033 380.0000000000
210039 381.0000000000
210049 388.0000000000
210058 392.0000000000
210060 401.0000000000
210067 406.0000000000
210086 410.0000000000
210214 416.0000000000
210239 418.0000000000
210342 421.0000000000
210380 423.0000000000
210401 424.0000000000
210452 427.0000000000
210531 428.0000000000
210532 431.0000000000
210905 432.0000000000
210997 434.0000000000
211101 435.0000000000
211197 439.0000000000
211207 441.0000000000
218581 442.0000000000
evaluations raw_y
220001 0.0000000000
220002 93.0000000000
220003 138.0000000000
220007 165.0000000000
220009 227.0000000000
220010 272.0000000000
220011 293.0000000000
220013 325.0000000000
220019 340.0000000000
220027 365.0000000000
220044 386.0000000000
220045 396.0000000000
220051 407.0000000000
220086 409.0000000000
220088 411.0000000000
220115 418.0000000000
220210 420.0000000000
220258 421.0000000000
220266 425.0000000000
220393 428.0000000000
220616 429.0000000000
220633 430.0000000000
220929 431.0000000000
220974 434.0000000000
221449 435.0000000000
223157 436.0000000000
223185 438.0000000000
227983 439.0000000000
228096 442.0000000000
evaluations raw_y
230001 0.0000000000
230002 73.0000000000
230003 157.0000000000
230005 213.0000000000
230009 260.0000000000
230013 312.0000000000
230017 313.0000000000
230022 331.0000000000
230026 336.0000000000
230028 366.0000000000
230038 386.0000000000
230061 395.0000000000
230069 398.0000000000
230074 404.0000000000
230128 405.0000000000
230144 411.0000000000
230154 418.0000000000
230397 423.0000000000
230416 424.0000000000
230441 426.0000000000
230755 427.0000000000
230926 428.0000000000
230930 432.0000000000
231075 433.0000000000
231157 434.0000000000
231450 435.0000000000
231471 438.0000000000
231885 439.0000000000
234580 440.0000000000
235699 441.0000000000
evaluations raw_y
240001 0.0000000000
240002 90.0000000000
240003 161.0000000000
240004 225.0000000000
240005 228.0000000000
240006 264.0000000000
240007 270.0000000000
240008 278.0000000000
240009 298.0000000000
240010 311.0000000000
240011 334.0000000000
240012 348.0000000000
240018 376.0000000000
240019 392.0000000000
240020 403.0000000000
240024 408.0000000000
240034 410.0000000000
240051 411.0000000000
240074 417.0000000000
240107 423.0000000000
240321 426.0000000000
240465 428.0000000000
240653 429.0000000000
240718 431.0000000000
240976 432.0000000000
241279 433.0000000000
242199 434.0000000000
243854 436.0000000000
244689 438.0000000000
245285 439.0000000000
248227 440.0000000000
evaluations raw_y
250001 0.0000000000
250002 157.0000000000
250005 183.0000000000
250008 238.0000000000
250009 279.0000000000
250010 330.0000000000
250011 351.0000000000
250017 366.0000000000
250019 407.0000000000
250058 412.0000000000
250073 417.0000000000
250172 418.0000000000
250188 422.0000000000
250365 427.0000000000
250468 432.0000000000
250963 434.0000000000
251657 435.0000000000
252165 436.0000000000
253879 437.0000000000
254244 438.0000000000
254356 439.0000000000
255629 440.0000000000
256460 443.0000000000
evaluations raw_y
260001 0.0000000000
260002 70.0000000000
260004 186.0000000000
260005 206.0000000000
260006 241.0000000000
260008 272.0000000000
260011 292.0000000000
260014 352.0000000000
260022 380.0000000000
260035 388.0000000000
260058 394.0000000000
260061 401.0000000000
260065 404.0000000000
260101 411.0000000000
260102 412.0000000000
260106 416.0000000000
260119 418.0000000000
260323 419.0000000000
260367 422.0000000000
260518 425.0000000000
260553 426.0000000000
260670 428.0000000000
260715 430.0000000000
260797 431.0000000000
261231 433.0000000000
261253 434.0000000000
261372 435.0000000000
261839 436.0000000000
263269 437.0000000000
263627 438.0000000000
264803 439.0000000000
266276 440.0000000000
evaluations raw_y
270001 0.0000000000
270002 89.0000000000
270004 191.0000000000
270006 240.0000000000
270007 283.0000000000
270011 309.0000000000
270014 382.0000000000
270033 385.0000000000
270040 389.0000000000
270070 392.0000000000
270071 400.0000000000
270094 401.0000000000
270184 403.0000000000
270195 410.0000000000
270264 411.0000000000
270322 415.0000000000
270436 423.0000000000
270586 425.0000000000
270793 428.0000000000
270898 430.0000000000
270968 431.0000000000
271054 434.0000000000
271203 435.0000000000
272406 436.0000000000
274548 437.0000000000
276141 438.0000000000
evaluations raw_y
280001 0.0000000000
280002 100.0000000000
280003 145.0000000000
280004 172.0000000000
280005 309.0000000000
280010 370.0000000000
280014 390.0000000000
280023 398.0000000000
280028 400.0000000000
280040 409.0000000000
280067 412.0000000000
280069 421.0000000000
280190 424.0000000000
280227 427.0000000000
280371 429.0000000000
280529 430.0000000000
280776 432.0000000000
281044 433.0000000000
281503 434.0000000000
281835 438.0000000000
286942 439.0000000000
287030 440.0000000000
288556 441.0000000000
evaluations raw_y
290001 0.0000000000
290002 83.0000000000
290005 85.0000000000
290006 138.0000000000
290007 210.0000000000
290008 271.0000000000
290012 333.0000000000
290015 410.0000000000
290019 417.0000000000
290023 419.0000000000
290073 422.0000000000
290590 424.0000000000
290642 426.0000000000
291082 429.0000000000
291209 431.0000000000
291330 432.0000000000
291687 433.0000000000
292689 434.0000000000
294553 435.0000000000
294786 437.0000000000
295769 438.0000000000
296202 439.0000000000
298661 440.0000000000
