evaluations raw_y
1 -2851.0000000000
2 -2001.3309300340
3 -1219.3372213001
4 -1150.0091626937
6 -1132.0271578036
9 -766.0129792440
13 1395.9443161469
16 2080.4992754483
22 2756.4438893954
23 3455.7900198927
28 4235.4434549179
32 5777.0347187724
34 6866.9535128154
43 7360.3714514438
46 8219.9216494341
63 9121.2718595907
69 9699.0327820307
89 9835.3154819962
98 10104.7468654790
101 10201.8983924289
102 11132.3098805490
103 11819.2927603787
111 11962.6751353626
117 12035.3225565119
118 12636.2093480094
123 12813.2620754872
127 13105.5055129019
132 13210.0705447146
133 13834.3931718472
200 15510.5866585854
244 15789.5314693787
255 17051.3357108160
284 17835.9655043320
297 18815.8283783524
302 19104.7059651442
304 19696.7238417072
322 19797.8937446856
353 20083.6031912539
354 20584.1725340572
375 22052.7300548615
381 22689.8977897176
446 23174.2529869743
484 23777.9342438353
515 24449.5889980040
521 24666.1871718168
531 25317.5948817506
594 25448.3152701186
595 25739.1035074733
601 25957.0112673779
604 26304.6160336802
631 28283.0114197957
674 28664.7554429711
685 29908.0140440919
806 30171.7502563998
892 30570.4053605588
893 30795.0319622164
958 31579.9299582934
1061 31740.2143113631
1071 31961.0607801830
1074 32118.8850380700
1094 32562.4257379675
1229 32799.9729850911
1244 32993.8803439061
1276 33405.0250586219
1381 34309.6998546980
1390 35010.4666529280
1415 35614.5668778203
1442 36791.1930881721
1462 37523.9058332997
1493 37733.4368975532
1521 38043.1911150362
1543 38705.1253311341
1566 39144.1455741253
1570 39227.7345495354
1589 40342.2632120571
1628 40636.6060886686
1651 40790.4945682770
1653 41886.4158701586
1712 42504.7530321978
1713 45218.8433392369
1843 45561.4975139000
1888 45735.9531860357
1904 46312.3815136389
1921 46404.6338040783
1944 47039.8700917720
1976 47534.5512478908
1986 48206.1971963195
2008 49155.1819847528
2095 49422.8678118335
2103 49825.5322145114
2152 50680.8980956843
2180 51231.1931575377
2188 51361.6336338695
2207 52520.7618132168
2269 53149.3837501119
2613 53870.8313081945
2630 54097.4109360404
2660 54205.7356184140
2768 54562.1811121503
2846 54684.1679625772
2971 54696.0963415151
2987 55633.8238025770
2990 55878.7781667429
3076 56273.5239207888
3097 56669.7443774689
3132 57646.7391615798
3154 59440.7502792871
3171 59743.5738668544
3198 60250.2728631099
3210 61799.1608250371
3454 61847.7643077077
3468 62002.2487922019
3487 62784.0902568215
3561 64299.4137724949
3624 64389.9715036554
3706 65539.9555841868
3796 65745.8957197943
3874 67677.1142290189
3918 68536.0736483094
4001 69228.6221943674
4161 70157.6337288354
4238 70839.4266642139
4254 71700.9250344645
4399 72233.5818205494
4479 72291.6555542301
4606 73159.6819268235
4659 73409.4018123979
4667 75034.1386711637
4669 75588.1780928902
4710 75792.9283219371
4756 75900.3150800016
4795 76024.8750791435
4815 76490.5964492938
4925 77346.8486066256
4944 79054.4940838565
4948 79292.2231134062
5096 79658.1684320543
5101 79907.9704189757
5135 80643.1838166713
5161 80753.9342245852
5175 82693.6254859364
5229 84071.3804357285
5325 84309.0712102195
5427 85288.0740294015
5611 85753.9979213891
5622 86364.4240667927
5635 86986.8226972878
5670 87716.5276848363
5687 87913.7012809510
5860 87978.6756076492
5875 88915.7573697648
5990 90571.2460841673
6201 90700.6420327667
6221 91486.1741584322
6386 91873.5510796915
6456 92076.5557935328
6464 92436.3498612862
6479 93312.3032916825
6562 93730.9061335217
6603 94265.6546286905
6655 94838.6481927530
6683 95543.6644739881
6724 96536.5575667085
6923 96741.6779670567
7066 97911.5667055832
7094 97979.4195659699
7117 99469.6166850743
7150 99685.6827605514
7179 100816.2129898180
7198 101445.7892206891
7244 101762.1480429124
7298 102915.6935767544
7312 103333.9022152462
7480 103851.5714219670
7492 104071.6666354996
7598 104314.5271347143
7763 104373.4049608616
7782 104582.1790098301
7944 104712.4248797949
8196 106084.9993575058
8236 106368.6316347018
8394 106604.3649522842
8418 106609.2609464429
8513 106988.6442201883
8558 107219.8684485774
8683 107558.4633425361
8797 108012.2665926299
8828 108506.0677746713
8832 108821.2376064524
8847 110229.0577030475
8863 111013.4476137537
9099 111380.1352389511
9275 112294.4756034437
9400 113288.2259755771
9548 113759.0831520090
9592 114445.5907559792
9595 114587.0072814717
9786 114814.7698743096
9787 115911.2130692703
9850 115933.1431143427
9937 116133.9883495608
9938 117041.4943624887
9971 117091.7747786043
9984 117737.3472256553
10056 118412.2501746672
10249 119764.6549336601
10299 120523.4121766030
10359 120666.7311695008
10461 121493.3678486672
10481 122313.2741680103
10606 122717.9693768561
10776 122828.0191665086
10864 124132.3231917495
10915 124797.1324662921
10921 124979.7415098173
10995 125143.6751421385
11256 125533.1677944662
11351 127719.7222594672
11528 128443.7637391580
11562 130137.9736564006
11730 130145.7077338167
11808 130779.9428519740
11819 132093.4314773002
11988 132894.8218392006
12037 132919.4677196551
12493 133127.1702365259
12502 133785.7791822748
12588 134692.1202838167
12647 136332.3690971001
13385 137094.2316865509
13433 137158.0766986207
13924 137590.9036022003
14032 137964.8883023185
14107 138387.5178483366
14178 138399.4386257546
14200 138507.3579684566
14442 139042.0776999035
14595 140737.9573518682
14644 141445.5584928805
14744 141572.3380144933
14807 141616.0423048097
14964 142368.2883328581
15281 142552.1571281936
15337 143158.0303660460
15450 143897.6326401317
15758 144160.4594557604
15773 144478.8872476637
15904 145341.6449745469
16081 145385.8439569372
16187 145580.7636781772
16325 146274.4244154820
16617 147288.3020479252
16666 147518.1781174533
16778 148139.9679679563
17010 148905.2387736096
17251 149162.7275747132
17260 151541.4707228083
17540 151775.1092358727
17983 151865.1362065912
18050 152254.8764793382
18117 152279.0152465368
18137 152895.5800450667
18803 153563.9945542807
19454 154455.8906924247
19598 154825.9840356117
19666 155047.9678211998
19685 155221.0359761374
19895 155697.9366423068
19928 156213.8154443124
19953 156359.8404287352
20049 156430.7529890153
20161 156877.4874899133
20213 157107.8547976239
20232 157360.1770208220
20318 157600.6555731473
20351 158314.2517989778
20535 158402.2925911219
20546 158968.5303358267
20712 159004.2482025092
20724 159697.1874282274
20742 161077.2198081478
20839 161831.6303732686
21026 161956.7657667944
21101 162613.9277359067
21134 162948.5346957859
21156 163737.5192932402
21420 163769.4415571275
21653 164628.4845719573
21870 164980.1352572321
21911 166213.8520563838
21944 166238.7338712427
22204 167161.6720668542
22216 167218.6190604378
22228 167451.5067332074
22615 168367.3540807746
22778 168662.0421367052
22799 169443.9225386377
22927 170389.5105477267
22961 171046.0498737556
23186 171300.9668850797
23540 171365.9395193875
23573 171656.2349564492
23636 171663.6634328694
23766 172170.6052282303
23832 172268.3300343248
23961 172579.4139656780
23985 173254.7280662999
24048 174037.4120498383
24228 174111.3730140773
24233 174812.1761786228
24332 174997.2056503674
24423 176749.9334410832
24717 176754.2461522049
24810 177072.6154412751
25041 177196.1328400582
25188 177453.0303388667
25237 177744.2231406917
25485 178451.8207081561
25776 179028.5640247595
25928 179200.9950311364
25975 180012.9567871421
26014 180694.7358582684
26030 181035.9384705483
26083 181334.7372612825
26249 181543.6088008010
26296 182209.0915676264
26375 182574.7570276446
26452 183088.4629990674
26600 183199.0851819180
26641 184438.0499462003
26779 184542.7065528449
26940 184778.9164185374
27076 185978.4435259091
27255 186902.9960848020
27329 186998.9551338823
27350 187414.9855525146
27380 187833.6942996899
28071 189156.8903693391
28102 190446.2212835312
28198 190721.8517950665
28336 190995.7320087105
28356 191971.3585747475
28359 192165.3118660270
28442 193091.0208169621
28507 194359.7937630729
29557 194672.3366839921
29799 194715.7371208818
30099 195709.8215866579
30549 196299.0769235418
30606 196948.7691939179
31620 197061.2898887006
31722 197375.7492383802
31755 197986.5141475489
31949 199157.5037246054
32183 199284.0866786729
32304 199779.0035283839
32575 200168.3174584431
32678 200594.8554544617
32855 201476.4292436752
33312 201730.2809305941
33426 202170.0011454509
33461 203079.2859879420
34121 203529.4704949780
34175 203789.1022429714
34200 203859.1467368630
34416 204505.5077310951
34552 204611.9563371968
34592 205113.6886788805
34642 205842.8374101250
35015 206007.2477219015
35285 207353.4042722264
35722 208143.1032263004
36017 208905.6385856588
36185 209160.5515632186
36191 209750.8515769051
36342 209966.6093144241
36483 211059.7752189749
36581 211400.9555831641
36604 211931.7271799498
36781 212260.6350550244
37110 212374.0732564133
37321 212430.1445641772
37407 214057.9767188944
37448 214709.4163705115
37550 214771.1484857554
37652 215483.5343067427
37792 215921.4082956798
38117 216273.5685869408
38283 216432.0717249209
38897 216978.9514772126
39622 217669.1893341904
39785 218495.8489505406
40092 219274.2530424404
40373 219997.2493764839
40460 220518.5571561223
40820 221243.2903073436
40911 221841.5747310556
41459 222466.7667974091
42084 223103.5412489481
42253 223212.3564371399
42702 223267.0717966810
42916 223583.4663806123
43278 223649.1171411751
43348 224212.2455441667
43466 224556.5210705114
43564 225865.8555181265
43680 225958.7214902469
43847 225970.4421090767
43993 226469.4567217703
44146 228220.7985233438
44298 228343.3826765250
44431 229278.1638577936
44610 229585.0984847353
44719 231667.8315728360
44726 232053.4288377468
44831 232077.4982997399
45264 232441.6395654526
45540 233418.5866816740
46088 233479.5114414465
46299 234350.5921698528
46549 234519.1855268873
46581 235246.2920403393
46628 236162.2695311653
47056 236807.8708000598
47310 237461.1059381443
47671 237774.6874880664
47896 239007.9323046415
47912 239448.6739751327
47956 239476.0564235833
48007 240802.9203571965
48032 241411.4871992972
48118 241708.4793616977
48542 241787.5596034421
48729 242112.3423885004
48981 242529.9637002084
49125 242915.6910813151
49141 242961.7042040610
49273 243224.2698101703
49849 243817.0171224989
49932 244969.6737445038
50648 245609.5536771571
51109 245789.4426315703
51123 247070.0121102231
51872 247756.8070756238
52048 248337.6303113456
52088 249037.3503758284
52154 249884.1602725700
52344 250104.2765846087
52597 250230.9408858487
53239 250252.8684030339
53263 250650.6223411636
53505 251532.0289438143
54347 252197.7093756116
54761 252359.7962635270
55367 253540.7406656461
55403 254679.8809579787
55878 254715.7514662123
56016 255237.6393605752
56146 255734.9579219712
56456 256143.1495817959
56824 256978.2498393634
56971 257498.1392903174
57068 257954.6137772758
57670 258270.2649132039
57770 258703.9365486235
57823 258799.1789936475
58149 259503.0832104230
58212 259660.8720887888
58618 260100.3547763839
59436 260472.4239897026
59868 260625.8387465118
59871 261101.0178275288
60030 261205.1295589379
60035 261682.8850243018
60508 262001.5932348567
60610 262395.7640632860
60954 262485.5938652042
60957 263555.0670611847
61410 263634.1378582600
61660 264293.7525028246
61688 264450.7285578467
61751 266167.1992988956
62116 266829.4438961382
62247 267469.5980384335
62724 267505.7322405491
63065 269191.5355240747
63890 269553.3529411476
64198 269647.9131480408
64638 269745.6210629026
64859 270918.2125380763
64890 271199.3517236114
65655 271696.0367649823
65779 272656.7772107793
66886 273243.1004372988
66918 274591.5866121844
67575 275063.2519768577
67899 275263.9426021638
67965 275341.6493422771
68199 276170.7790509266
68457 276590.4025748593
68853 276653.7263462328
69349 277043.0920152490
69779 277359.9757685642
69822 277903.9112529061
69938 278530.1696317882
69947 278714.1770536139
70225 278789.7696669708
70390 279346.8002862986
70579 279821.4460652652
71133 280228.2066039960
71384 280518.9088049480
71917 280788.9849320483
71986 280936.6799948217
72276 281199.8394333606
72633 281952.6676007388
73096 282306.6115433331
73341 282434.1124501455
73539 283205.2594382497
73701 283970.1962685822
73955 284384.5274603518
74226 284553.5216821988
74702 285186.5190201373
74796 285780.7292017600
74906 286040.5029013891
74945 286049.8837850199
75137 286588.0993961468
75338 287241.4344498308
75541 287444.6547212106
75611 287489.1504083939
75616 288760.8802496878
75926 288996.4957503628
76074 289395.7219650016
76451 290126.6179649063
76710 290513.5888063278
77633 290737.0072658610
78124 291656.6750065645
78316 292007.6093856476
78397 292765.4855032185
78887 293563.3025270354
78960 294007.5913497412
79408 294276.3497574521
79452 295281.3239232901
79723 295581.1723956509
79763 295752.5571724403
79808 295980.3066637600
80269 296065.9964904779
80582 296279.1556833100
80878 296657.9727585346
81153 296658.4013498807
81296 296757.7639572550
81451 297035.3536725515
81459 297674.0410645079
81513 298176.1729721439
81556 298320.9508022617
81774 298498.5189507669
81979 298618.9510867193
82065 298805.3189379574
82237 299640.2485601608
82619 299842.3783284435
82940 300255.8980067919
83149 301231.6735892344
83649 301437.0985581473
83738 301658.3161978398
83743 301736.8567995367
83969 301807.7758020959
84014 301855.7395083459
84933 302584.8540143708
85182 302904.6580082283
85211 303248.9746415912
85965 304233.5722448629
85994 304403.6171673697
86072 304756.4554761971
86424 305250.3456030367
87209 305918.5049204444
88007 306463.4259080061
88090 306635.0615183052
88158 306774.8008359826
88211 307271.3650607511
88285 307508.9941391048
88337 307606.7672627761
88399 307849.5601573046
88429 309228.2894245603
88698 310185.6333230642
89183 310692.2537011362
89264 311457.4378043045
89376 311687.0612452806
89466 312506.3105560832
89474 313961.6586137732
89537 314451.6006377852
90728 315327.7901429667
90859 315483.7495833577
90967 316228.6648706174
91943 316236.2496383977
92252 316748.8040812347
92461 317170.5151132878
92761 317183.8055202566
92856 317237.6797231563
92901 317540.3342270526
92920 318253.7957888225
92939 319778.6432873046
94651 320473.3119084441
95006 320650.8636505891
95465 321228.1921750059
95752 321877.0956755963
95780 322179.7778286771
96283 322596.3559632461
96648 322710.6495410409
97914 324416.8181594610
98091 325311.1782981465
98214 325614.8353514968
98326 325651.1830042423
98383 325973.3939117973
98396 326823.7205317749
99167 327308.2183152355
99435 329915.7611715284
100000 210724.6542856210
