evaluations raw_y
1 -2851.0000000000
2 -2001.9435400947
4 -1569.0031153614
5 -1296.8286793153
7 -842.4159361616
10 -707.4546359744
11 92.3651594889
15 236.1756788608
16 898.7324981362
29 1348.9679210106
36 1677.3761710882
38 2970.0490295812
48 3964.7833127300
50 7312.8828103021
68 7771.0031324399
83 9567.9787946696
88 10557.8798675436
92 10866.8249731665
96 11792.4965711497
102 11975.6023380690
110 12624.9651446189
134 12698.8086806545
143 13340.9785463123
149 13711.9601465752
151 14400.8932702663
163 14771.9496746436
193 15026.8786157151
194 15764.0912364789
202 16862.5375522369
207 17002.9487917229
210 17589.7305135907
218 17926.9395835994
235 18829.6578831197
282 20363.3899574824
304 20770.1323470494
307 21085.0533918038
314 21494.8736139148
408 23343.6675382232
434 23997.1381804665
488 24627.4579790701
492 25527.4998761288
554 26375.4426472721
612 26953.4887359926
643 27049.2799784084
662 28392.6474716376
686 30276.0441224257
692 30823.4682576475
724 31276.0019517990
791 31515.9555623598
794 31935.4161690908
821 32631.6834722253
831 33266.5574064813
860 33545.4887413370
889 34848.5234671992
893 35199.4672360045
958 36300.7312660236
959 36789.9768322625
1029 37828.7586513803
1098 38086.4480885327
1183 39000.9191039463
1278 39359.1977020288
1372 39709.2855359671
1374 40334.7943905367
1380 41109.4924198763
1487 41911.4144028038
1497 41960.7315524880
1544 42447.3372356841
1550 42561.2611955613
1564 43010.2043773792
1598 43385.8692148397
1599 44000.7832508241
1617 44273.3812845536
1670 45068.0013110841
1821 46052.3298643260
1822 46590.5280469068
1871 47446.4578584203
1957 48081.0784901376
1991 48439.5965708431
2019 49052.3084045863
2067 50586.0476218383
2200 51267.4427956533
2243 51342.0393342143
2330 52218.3349325523
2393 52485.0470818318
2401 52584.3178320188
2429 53382.0661470934
2482 54302.0429122965
2571 55412.5535314347
2598 55856.9885298833
2628 56049.3427278226
2789 56152.0457695756
2802 57149.1843983657
2834 58622.9308921113
2837 58877.3793718224
2843 59488.3739252418
2916 60218.1267192625
2991 60308.4211415278
2999 61589.5011108686
3018 62416.0438892052
3107 63273.0702648589
3171 63757.5238848843
3191 64059.9958878358
3209 65653.2429660990
3357 66638.7276568416
3406 67324.9989406146
3649 67633.2628847203
3693 67886.6156812029
3746 68403.1112298598
3901 69187.5330825003
4084 70712.6533588329
4322 70776.4026596670
4391 71050.7502262057
4438 71746.4914711053
4543 72338.4800115123
4634 72383.2736044754
4792 72431.3113941712
4808 72542.0280477147
4853 75141.6049491784
4938 76194.9149673056
4972 76628.8529148480
4998 77054.8120117564
5018 77777.5466844102
5111 78578.2332845081
5127 78604.1320138758
5245 78612.0572684057
5260 79839.3913210495
5402 80830.7927043637
5657 81057.2080809031
5660 81796.3422015505
5797 82756.2601600506
5880 83177.8340947851
5893 83737.5735540508
6010 83850.6311856217
6095 84053.5540444532
6102 84556.8680201739
6152 85108.8212191365
6192 85687.4887588603
6260 87298.9594253031
6383 87395.2210130812
6412 88051.7396468576
6493 88289.0153056353
6503 88519.5556080816
6519 88944.4994721867
6681 89675.1995178145
6889 90285.5638919568
6948 91089.5015519581
6992 91405.0907955870
7071 91555.3436068052
7359 91719.6994821452
7572 92215.2852347020
7672 92344.2625632428
7800 93153.0530920960
7875 94283.8924098649
7918 95241.6881377802
7997 95641.7134180737
8009 95658.5830899663
8114 96169.9316620233
8160 97122.3509420066
8305 98129.7991079620
8644 98326.4084811857
8720 99191.8337894291
8800 99863.4662243627
8955 100701.1843694848
9078 101231.0027857400
9196 101715.7561857508
9335 102781.2856564536
9340 103391.9018560078
9366 103471.0856196813
9533 103696.4800179895
9574 104908.9815436208
9723 106371.8763982783
9947 107497.0360336368
10011 108350.1516479389
10061 109673.7628033643
10110 109871.7415882798
10158 111037.6557189687
10462 111515.9865819638
10466 112305.7096348490
10489 112489.5407775667
10530 112668.6643587742
10669 114063.6555187056
10836 114571.5696265467
10851 114781.6503934671
10876 115731.2004230219
11002 116502.2250752885
11099 117073.2146877167
11278 117141.2125057802
11283 117915.7168909891
11316 118574.6067552983
11325 120601.1032253959
11377 121505.1867834233
11487 122046.4307351519
11635 122254.5609831300
11869 122336.0683245396
11873 122569.7187821812
11891 123324.1437620086
11921 123410.3179810320
12111 124006.5506086179
12162 124107.5493054220
12211 124111.4086634565
12227 124957.9575554557
12236 125114.6725894644
12399 125699.9073715686
12417 126667.8760195634
12479 126982.8316231892
12513 127591.1935294268
12553 128088.0109312718
12660 128222.1935406265
12758 128320.3753898728
12818 129239.9395805856
12830 130247.3528730121
12960 131019.9386889966
13139 131837.5029646349
13260 133833.8277933612
13284 134137.6026212905
13319 134205.3022927445
13411 134625.1911760698
13645 134918.6438737235
13749 135335.0059195313
13969 136349.9271572131
14100 136813.3317000154
14253 138212.4196102962
14349 138614.2819674769
14970 139449.2183913870
14972 139738.8547619530
15022 142122.2731182854
15153 142579.6058057627
15214 145072.9060672651
15301 145683.6830104968
15484 145888.1423646037
15502 147688.8383256299
15639 148561.0219882017
15862 149403.9929909563
16180 150476.0279046212
16197 150694.7647481367
16358 152982.7613489708
16482 153310.7609698936
16564 153387.8653028482
16581 154709.0729720669
16672 155162.6837337233
16796 155307.2663185859
16889 156065.5927669125
17050 157055.0198779815
17226 157551.8097857036
17391 157580.0844384768
17678 157860.1906418265
17714 157871.2706422692
17759 158633.1933523926
17802 159480.4627292972
17857 160767.9453590083
17902 161625.0905621046
17978 161754.1755149341
18537 161762.3973472148
18930 162562.7359220950
19061 162609.3620165136
19077 163015.5157353347
19533 163186.3174716204
19741 163249.7268917634
19847 163878.7223180119
19859 164961.1313265543
20080 165281.0820991834
20189 165582.1825033750
20332 165891.0826961905
20519 166436.7689091923
20915 166740.0738546622
21507 167420.7020981480
22097 168087.4917215657
22294 168875.9017138133
22445 169138.2814378261
22522 169162.1451411663
22648 169380.8781044864
23013 169664.9767985809
23023 170139.3971844209
23325 171809.1783586819
23371 172205.5381239541
23496 172831.0486014010
23523 173047.6045846888
23634 173221.1849797898
23662 173246.2071597917
23739 173434.8655079508
23819 174026.7891345104
23857 174038.7091731495
23935 174134.4379199432
23981 174462.9109948411
24043 175446.8095728689
24162 175482.6423864700
24211 175883.7466609713
24596 176318.4644627968
25149 176493.9004911592
25164 176914.1812378654
25339 177273.8627943009
25522 177554.4023703352
25533 177653.6234456176
25609 177919.7139201935
26278 178581.8660692569
26300 179383.1729413937
26802 180004.1568294140
26807 180413.1264139355
26915 180440.8949541615
27104 181010.2086823279
27184 182002.1949957856
27451 182596.6856713646
27553 183042.8002649602
27660 183894.3021017202
27716 185702.0290737232
27849 185939.4014085638
27930 186369.8809659458
28719 186597.6523017519
28735 186653.5377671955
28738 187497.5260337181
29035 188420.2513719029
29091 188489.6714750082
29275 188905.3891277535
29343 189029.1596007807
29379 189295.9741777344
29413 189342.9507772506
29782 189359.2778348062
30145 190042.5913606638
30313 190537.1666486745
30553 191369.1357007118
30691 191445.6986093558
30697 192117.2874554403
30967 192432.3191374973
31107 193367.8164496478
31121 193991.4614922618
31289 194053.0906177539
31301 194914.7728331099
31364 195286.7627845587
31372 196224.4589822221
31638 196673.4478804089
31661 197319.0546985488
31911 197628.6953864525
31927 198563.0143789386
33616 199006.9731920794
34551 200067.6107713064
34693 201110.9671454332
35009 202633.5473382326
35093 202725.7220994653
35173 203175.6923008729
35267 203275.5338444560
35273 204192.3213017835
35296 204457.4054003808
35331 204821.4439924488
35335 205491.2805859492
35365 205830.5806722454
35389 206115.9339052580
35753 206770.5571896880
35861 207686.8227306212
36160 207709.3871337091
36504 207937.3699188736
36514 208601.2062479298
36673 209454.1573821579
36915 209691.0923798880
37116 209918.5412091996
37205 210134.6269869236
37500 210671.1754879927
37690 210687.2043389638
38139 211019.0005374678
38408 211238.6468216869
38700 212033.4249306716
39203 213641.0648132348
39268 213750.3366806614
39395 213981.4395413054
39413 214280.3918218001
39962 214763.9155742621
40385 214859.7026544383
40679 216521.9473651143
40706 216649.6770247410
41046 216750.8765003095
41080 218625.6726150599
41387 219333.2583372716
42141 219425.4325484242
42331 219462.8304006463
42425 220321.3369512964
42665 220756.5663546710
42676 221050.9680472988
42758 221532.5271293149
43129 222967.4086623178
43163 223261.3087664506
43208 223428.0625316334
43336 224300.8871528355
43341 225718.7703849298
43626 225720.2761554410
43641 226542.6889654972
44033 227253.0084500371
44313 228322.1375310786
44359 228652.5205557728
44419 228794.3557378232
44448 229246.8827388258
44598 230204.2762723909
44758 230961.9780637447
44811 231381.9205631512
44815 232237.6642865777
45510 232286.1641982665
45557 232310.2332164446
45836 232623.8186546849
45979 233155.0279544374
46217 233319.1841991885
46345 234117.0112885843
47013 235296.9150278840
47283 235918.8936402323
47316 236345.7930456617
47378 236442.5392829250
47714 236662.5164943918
47758 236704.7794652099
47825 237605.6552079367
48857 237611.2843000315
49098 237948.7629250785
49202 239778.4645574561
49938 239906.5245036568
50078 240009.8106833835
50200 240637.4520346126
50615 241545.9702360897
50821 243065.1509709380
51053 244054.3327340479
51381 244357.1238416625
51685 244703.8086322695
51705 245573.6474627911
51952 245716.4419607642
52082 246288.8601902830
52115 247463.4430606816
52566 247775.9639823661
52587 248152.6981774399
52833 248645.2100253842
52969 248899.3974878220
53353 248963.3700813345
53362 249217.9639286578
53487 249326.3057941337
53705 250028.1421455062
54961 250364.5473186293
55053 250713.0068017509
55271 251003.7851854280
55298 252462.2066920263
55623 254372.5132470928
56197 254616.3462106868
56364 254994.4309764561
57083 255396.1888691150
57202 255692.0477246269
57588 256014.0733715664
57666 257005.8273577340
57858 257958.6576417355
58121 258610.3825685106
58146 258645.3218651905
58300 259371.1977680435
58425 261324.9474644360
58476 261684.9394228866
58595 261805.7638029620
58884 261895.6324987251
58924 262159.9504293518
58988 263073.4112223525
59099 263366.5325966837
59636 263489.5545422194
59730 263690.2480783638
59933 263986.0510612435
60005 264496.4840297487
60563 264689.5320095332
60696 264870.1577455784
60703 265364.4211309716
60820 265620.9899253903
61701 266713.9566235348
61721 266774.3568326841
61782 267432.2389483957
61812 268350.1764357323
61916 269079.4146990245
62560 269333.1677379029
62797 269816.8607904511
63208 270546.5831452825
63507 270549.4359127679
63663 270747.0623928892
63711 271489.3239920081
63888 272033.7613172124
64317 272899.5426473524
64347 274678.8543507447
64429 275597.7467884879
64762 275900.7265953387
65067 276138.9382033867
65298 276586.2980933973
65708 277052.6930880294
65740 277078.3329406861
65742 277809.6093383243
66188 277904.8479404699
66252 278451.3550040679
66509 278779.2325239758
66806 279659.9883770074
68025 280408.6639629250
68047 280718.0977541222
68518 281104.7974663135
68578 281318.7439820538
69264 282164.1620289609
69309 283043.8064026944
69804 283078.7780300701
69811 283971.2949477782
70796 284144.8267744656
71261 285368.2336241819
71777 286188.1254603641
71833 286723.5875696482
72106 287605.1210354748
72418 287615.2312826694
72458 287952.0471594731
72512 288944.0987793611
73002 290057.6761141057
73247 290666.4547936452
74742 291242.2219357066
74831 291695.8789516797
75625 292339.6752645200
75789 293252.0543960719
76021 293347.0846089739
76481 293747.8072794593
76563 294617.1036418974
76794 295194.4456732661
77019 295852.4366274574
77362 296077.1739486810
77401 296712.9002328113
77654 296914.9572605495
78410 297196.2414076967
78584 297654.3913523284
78639 298488.3502524149
79014 299729.8095210023
79476 299741.7188244557
79778 300008.7607753465
79832 301390.0984875034
80617 301946.0726342812
80790 303241.9248645350
81001 303739.6940715003
81349 304497.5545913866
81443 305918.9235272137
81757 306145.7258995828
82096 306805.0132641521
82481 307986.7109890236
82563 308148.6161794440
82599 309024.5104134995
83198 309365.7284638292
83766 309836.6651268865
84264 310089.3632793602
84392 310818.8332738359
84600 311040.8149643579
84726 311387.5886193865
84732 312028.8955098584
85018 313288.8035299931
85477 313544.7321726639
85688 313668.4730797548
85743 313840.5613559585
85911 314020.0508458899
85966 314213.9188109974
86391 314216.7498973588
86450 314725.5586286338
86554 315868.9612328871
87018 315987.2715423112
87598 316027.7194376322
87735 316525.4251895752
88034 316763.1163463230
88076 317329.3454282974
88471 317636.1427364746
88635 317694.9101399988
88762 318229.4503396323
88891 318314.9028860172
89063 318315.9780488350
89154 319104.3804438233
89582 319166.2803250125
90039 319450.4968367821
90258 319796.7003817366
90275 320124.4569827934
90413 321919.0682577534
91209 323547.1169981467
91616 323588.9598740282
91977 324493.2504992532
92289 324693.0496183164
92415 324729.0036370007
92544 325212.9369654505
92641 325355.7131646269
93177 325835.6917236460
93836 325967.7453614085
95043 326067.7408120729
95178 326109.2523994878
95690 326398.2068616675
95926 326529.5939083894
96186 326544.9738122584
96201 327063.7708836082
96769 327068.7723554113
97009 327106.2961152782
97986 327911.1624226090
98278 328356.0239473252
98289 328401.8527515684
98600 328915.2780569117
98894 329175.0800073300
99353 329783.4738430115
99911 329977.0337919126
100000 155844.4940692392
