evaluations raw_y
1 -208.0000000000
2 -201.0000000000
17 -198.0000000000
21 -191.0000000000
68 -188.0000000000
363 -187.0000000000
568 -185.0000000000
607 -183.0000000000
2535 -178.0000000000
4736 -176.0000000000
7424 -172.0000000000
10000 -216.0000000000
evaluations raw_y
1 -218.0000000000
5 -217.0000000000
8 -199.0000000000
28 -198.0000000000
32 -193.0000000000
163 -192.0000000000
170 -189.0000000000
230 -188.0000000000
828 -186.0000000000
1444 -184.0000000000
2368 -179.0000000000
7237 -173.0000000000
10000 -225.0000000000
evaluations raw_y
1 -221.0000000000
3 -214.0000000000
4 -204.0000000000
14 -199.0000000000
55 -195.0000000000
102 -192.0000000000
207 -191.0000000000
248 -189.0000000000
415 -188.0000000000
564 -184.0000000000
1861 -181.0000000000
8212 -180.0000000000
10000 -217.0000000000
evaluations raw_y
1 -225.0000000000
2 -213.0000000000
3 -201.0000000000
33 -200.0000000000
41 -187.0000000000
158 -180.0000000000
633 -174.0000000000
10000 -230.0000000000
evaluations raw_y
1 -230.0000000000
2 -227.0000000000
3 -220.0000000000
4 -219.0000000000
6 -205.0000000000
9 -202.0000000000
23 -175.0000000000
10000 -216.0000000000
evaluations raw_y
1 -219.0000000000
2 -213.0000000000
3 -190.0000000000
23 -180.0000000000
1678 -177.0000000000
4214 -176.0000000000
7742 -175.0000000000
9168 -173.0000000000
10000 -206.0000000000
evaluations raw_y
1 -203.0000000000
7 -194.0000000000
89 -192.0000000000
127 -188.0000000000
783 -185.0000000000
1132 -184.0000000000
1136 -183.0000000000
1538 -180.0000000000
5158 -179.0000000000
6915 -176.0000000000
9844 -171.0000000000
10000 -222.0000000000
evaluations raw_y
1 -213.0000000000
2 -211.0000000000
7 -209.0000000000
11 -202.0000000000
40 -197.0000000000
46 -194.0000000000
119 -186.0000000000
691 -176.0000000000
6759 -172.0000000000
10000 -225.0000000000
evaluations raw_y
1 -198.0000000000
3 -194.0000000000
56 -192.0000000000
88 -191.0000000000
138 -184.0000000000
379 -180.0000000000
1713 -178.0000000000
2851 -176.0000000000
6384 -174.0000000000
10000 -211.0000000000
evaluations raw_y
1 -219.0000000000
3 -210.0000000000
7 -205.0000000000
10 -201.0000000000
14 -200.0000000000
30 -197.0000000000
44 -191.0000000000
142 -190.0000000000
193 -187.0000000000
210 -184.0000000000
1686 -183.0000000000
3422 -177.0000000000
5990 -173.0000000000
10000 -207.0000000000
