evaluations raw_y
1 0.0000000000
2 2.0200000000
3 13.6200000000
4 24.6800000000
6 31.4800000000
7 35.4400000000
9 37.9100000000
10 58.9200000000
30 70.5500000000
31 77.4500000000
43 79.9200000000
46 100.0600000000
54 118.0200000000
62 120.8100000000
68 143.0100000000
77 145.6400000000
80 164.5800000000
107 181.8300000000
139 184.0900000000
193 225.2600000000
231 283.3900000000
248 292.8300000000
266 301.8000000000
270 322.5300000000
286 349.8300000000
328 351.1800000000
357 354.8000000000
363 372.1100000000
401 372.6400000000
403 378.3500000000
414 380.6200000000
419 391.1000000000
679 407.8500000000
736 427.7900000000
751 444.7600000000
768 456.9800000000
792 464.3300000000
914 484.2100000000
989 492.6000000000
1132 495.9800000000
1166 519.1300000000
1184 522.1400000000
1221 533.2400000000
1223 568.1900000000
2955 570.1400000000
2984 570.2400000000
3034 574.9300000000
3241 582.8500000000
3403 587.3800000000
3421 594.7200000000
3454 610.4400000000
3529 612.3500000000
3661 622.4600000000
3692 622.6000000000
3702 636.3300000000
3822 638.5800000000
3882 645.8900000000
3905 646.0800000000
3949 656.3200000000
4211 672.0100000000
4517 673.2600000000
4574 674.1900000000
4899 696.2800000000
5057 697.8100000000
5143 740.4200000000
5183 768.3000000000
5255 787.5100000000
5346 793.7700000000
6088 898.4400000000
6468 903.2000000000
6471 910.0800000000
6591 915.0000000000
7207 921.9400000000
7548 928.1700000000
7565 933.2200000000
7758 934.3800000000
7850 946.8300000000
7974 1064.7900000000
8040 1066.3100000000
8262 1078.0800000000
9756 1083.6500000000
10000 362.0500000000
evaluations raw_y
10001 0.0000000000
10002 19.0000000000
10006 29.6200000000
10009 55.0400000000
10020 101.4900000000
10048 106.2200000000
10050 108.9400000000
10058 131.6800000000
10071 136.5300000000
10115 140.2800000000
10128 145.9600000000
10131 146.4800000000
10133 170.2900000000
10137 181.4400000000
10161 185.4400000000
10162 194.3800000000
10195 204.1300000000
10199 214.2100000000
10204 237.1800000000
10209 242.8000000000
10246 259.7900000000
10328 323.5200000000
10351 344.6400000000
10353 362.1500000000
10392 362.2200000000
10431 366.1400000000
10531 373.6200000000
10537 405.9500000000
10574 409.4000000000
10599 414.6200000000
10630 415.2600000000
10668 417.8800000000
10685 432.7500000000
10720 433.4200000000
10727 465.3200000000
10865 470.0200000000
10982 473.0100000000
10984 481.8500000000
11114 486.0800000000
11121 505.3200000000
12036 509.4600000000
12055 514.6100000000
12060 516.1200000000
12212 521.1400000000
12217 526.5600000000
12448 532.1100000000
12629 534.7600000000
12726 545.0100000000
12989 547.1400000000
14826 553.0900000000
14841 558.3700000000
15264 567.8400000000
15407 576.3200000000
16008 576.4300000000
16043 578.8000000000
16269 582.4500000000
16307 582.7100000000
16314 599.6700000000
16488 605.4200000000
16587 621.8100000000
17146 622.8800000000
17198 667.7600000000
17210 687.7500000000
17221 692.2500000000
17277 695.0600000000
17281 696.8700000000
17287 706.5800000000
17334 710.7300000000
17383 717.5200000000
17389 728.3800000000
17415 744.3100000000
17447 752.8600000000
18241 759.9300000000
18698 763.7800000000
18711 771.5800000000
18754 789.5100000000
18846 794.2100000000
18935 801.5100000000
18977 803.7800000000
18997 807.8000000000
19063 808.5200000000
19079 808.9900000000
19521 810.7600000000
evaluations raw_y
20001 0.0000000000
20002 18.4900000000
20003 39.0400000000
20005 44.9900000000
20013 67.5100000000
20015 79.9000000000
20017 99.0700000000
20030 100.2300000000
20033 116.5100000000
20038 117.7400000000
20041 120.5200000000
20052 123.3000000000
20054 147.9900000000
20076 148.6600000000
20077 159.1500000000
20094 159.6500000000
20095 168.7000000000
20098 173.9500000000
20122 188.3900000000
20136 192.5000000000
20139 197.3600000000
20175 209.1100000000
20181 211.5200000000
20195 243.5600000000
20222 259.3200000000
20225 263.5500000000
20265 264.5200000000
20267 276.1600000000
20404 279.3600000000
20479 279.5600000000
20497 282.0700000000
20564 290.6400000000
20606 290.7100000000
20618 291.4700000000
20620 299.9500000000
20667 306.4500000000
20678 308.1100000000
20680 326.1600000000
20682 334.4100000000
20806 336.6800000000
20830 344.3600000000
20832 347.7100000000
20833 350.5900000000
20835 352.0200000000
20836 358.0000000000
20838 372.9600000000
20871 374.7200000000
20893 446.6000000000
20923 448.6500000000
20927 457.2600000000
20929 459.3500000000
20981 465.8800000000
20983 484.4000000000
21175 484.8500000000
21263 494.5800000000
21276 496.8300000000
21280 500.8000000000
21282 515.3900000000
21306 523.1400000000
21339 525.4500000000
21344 535.3000000000
21367 542.6700000000
21372 543.3900000000
21374 560.2700000000
21453 568.4000000000
21485 577.5600000000
21523 597.1600000000
21620 624.0700000000
21684 641.6200000000
21976 649.4000000000
21977 649.7300000000
22082 651.9200000000
22119 668.9700000000
22192 670.3000000000
22479 674.3300000000
22595 693.2900000000
23266 701.0300000000
23280 707.7700000000
23301 714.5700000000
23374 715.2500000000
23474 723.3500000000
23499 729.6800000000
23581 732.6600000000
23646 733.4600000000
23657 758.3100000000
23694 759.1200000000
23714 770.8600000000
23891 835.6500000000
23903 856.7100000000
23944 869.4300000000
24058 869.6400000000
24065 876.6300000000
24081 881.3300000000
24976 881.6300000000
25029 881.6500000000
25089 881.9700000000
25092 883.4900000000
25129 902.0200000000
evaluations raw_y
30001 0.0000000000
30002 26.3200000000
30005 35.6400000000
30013 36.7900000000
30016 47.2100000000
30018 60.7500000000
30021 67.8400000000
30029 87.6900000000
30052 96.4900000000
30061 105.6600000000
30069 112.2400000000
30095 117.4100000000
30098 146.5300000000
30119 161.3600000000
30125 162.6900000000
30143 171.5700000000
30153 199.6800000000
30154 199.8200000000
30161 217.6800000000
30210 224.8300000000
30232 231.3600000000
30251 236.7700000000
30279 246.2900000000
30288 248.1200000000
30304 256.3700000000
30334 268.0400000000
30348 281.5700000000
30350 305.9300000000
30462 324.9800000000
30463 332.4000000000
30472 343.2900000000
30486 345.6900000000
30487 354.5000000000
30498 356.4500000000
30507 385.0900000000
30849 395.4300000000
30871 400.7400000000
30874 418.6300000000
30875 421.8700000000
30878 450.7900000000
31061 451.8500000000
31129 454.5400000000
31632 462.8300000000
31752 473.4900000000
31760 481.4400000000
31806 486.7700000000
31814 494.2100000000
31885 516.9700000000
31925 527.6500000000
31930 531.7200000000
31978 534.0000000000
31983 534.5000000000
32001 545.5000000000
32009 556.0500000000
32330 556.3700000000
32417 576.0100000000
32646 580.7600000000
32879 593.7900000000
33006 607.0300000000
33016 612.8600000000
33050 615.4800000000
33067 620.1800000000
33103 635.0100000000
34521 645.6000000000
34548 649.2700000000
34549 678.0400000000
35559 689.6100000000
35948 697.9000000000
36051 708.7100000000
36199 708.8800000000
36215 711.1400000000
36273 739.0000000000
36276 740.0200000000
36282 759.0500000000
36500 763.5500000000
36558 775.5200000000
38574 784.2700000000
38960 795.9400000000
38982 799.7000000000
38999 807.3600000000
39001 814.4700000000
39010 827.0800000000
39298 837.0200000000
39407 839.0900000000
39448 841.5500000000
39483 844.0800000000
39496 863.3000000000
39498 868.7300000000
39567 880.2200000000
39835 883.8700000000
39860 885.7300000000
39945 894.4600000000
39954 901.0000000000
39989 904.6400000000
evaluations raw_y
40001 0.0000000000
40002 29.7600000000
40003 36.0400000000
40004 64.4800000000
40006 70.1000000000
40007 103.7600000000
40009 106.4200000000
40018 119.1800000000
40026 130.6500000000
40032 138.6900000000
40033 141.7800000000
40035 154.8500000000
40037 164.8700000000
40050 165.3300000000
40079 169.7100000000
40089 171.3400000000
40093 180.7300000000
40094 194.7400000000
40112 206.0300000000
40113 210.0000000000
40116 213.7800000000
40120 220.3100000000
40141 221.4800000000
40150 235.8400000000
40157 247.1200000000
40176 250.1000000000
40222 269.4800000000
40247 304.1700000000
40267 330.0500000000
40279 351.2200000000
40334 442.2900000000
40335 453.4400000000
40347 469.5100000000
40348 478.0800000000
40368 484.6700000000
40892 490.7400000000
40913 517.7000000000
40927 542.2400000000
41085 547.5500000000
41119 557.9500000000
41144 562.9500000000
41152 563.3200000000
41163 569.1000000000
41255 583.9400000000
41389 585.2000000000
41408 591.3000000000
41439 602.3900000000
41482 613.7000000000
41513 621.7700000000
41529 631.7500000000
41547 632.5100000000
41593 639.4700000000
41595 639.6900000000
41598 640.1100000000
41609 645.4000000000
41619 646.2100000000
41689 664.0800000000
41715 665.0800000000
41721 670.5500000000
41730 671.2000000000
41749 681.8900000000
41760 689.4600000000
41896 694.0100000000
41938 698.2000000000
42201 713.1400000000
42786 717.9100000000
42832 755.7700000000
42857 761.0300000000
42864 767.7900000000
42914 780.8600000000
43055 788.0400000000
43092 789.4700000000
43373 790.4700000000
43378 811.0700000000
43605 906.5100000000
43689 923.3700000000
43700 931.2700000000
43737 932.1700000000
43744 943.4900000000
43825 947.6100000000
43875 949.5900000000
43887 962.1000000000
43933 966.2900000000
43991 972.7500000000
44012 973.0800000000
44035 985.8900000000
44110 1008.7300000000
44195 1015.3500000000
44336 1017.8200000000
44622 1021.4600000000
44623 1030.1400000000
45141 1030.5300000000
45244 1037.6200000000
45352 1040.3800000000
45592 1041.6600000000
46326 1049.0600000000
46600 1050.0300000000
46668 1050.8100000000
46780 1051.4000000000
46939 1052.5500000000
46951 1054.0700000000
47135 1054.9400000000
47218 1068.5800000000
47406 1069.9800000000
48630 1072.0800000000
48675 1083.1300000000
48966 1084.5100000000
49519 1085.0900000000
49594 1097.8700000000
50000 989.8500000000
evaluations raw_y
50001 0.0000000000
50002 13.5500000000
50003 35.6200000000
50005 60.4700000000
50014 65.4000000000
50018 78.0200000000
50021 78.3300000000
50024 97.1300000000
50036 99.1300000000
50042 106.1800000000
50070 113.0000000000
50071 114.9500000000
50084 145.8400000000
50086 147.3800000000
50146 150.9000000000
50160 157.1400000000
50196 160.1400000000
50211 180.0200000000
50247 203.5400000000
50248 217.5700000000
50256 218.8800000000
50260 225.7100000000
50264 238.0500000000
50266 240.0000000000
50279 256.7800000000
50282 272.7800000000
50294 280.4400000000
50327 287.6700000000
50339 302.1500000000
50342 309.1700000000
50348 324.9300000000
50349 351.3500000000
50352 362.1700000000
50435 366.1800000000
50436 368.4600000000
50449 368.9300000000
50452 380.6700000000
50536 381.4700000000
50577 386.1000000000
50595 391.1600000000
50602 396.3500000000
50646 402.5400000000
50654 404.8400000000
50662 406.1700000000
50731 410.9000000000
50745 426.9600000000
50765 429.2800000000
50766 429.7900000000
50773 437.1700000000
50774 466.7000000000
51138 475.8200000000
51326 478.6100000000
51368 492.9800000000
51487 504.1400000000
51576 509.1000000000
51608 532.8700000000
51659 545.2100000000
51754 560.0700000000
51799 569.9100000000
51921 593.0000000000
51935 601.2500000000
52030 602.0000000000
52193 611.7800000000
52433 615.8000000000
52640 627.0000000000
53158 630.6400000000
53247 662.2800000000
53288 709.9200000000
53409 713.3700000000
53452 726.1700000000
53520 731.2700000000
53744 738.3600000000
53832 740.0800000000
55145 743.5500000000
55272 745.7200000000
55289 754.5800000000
58498 805.0300000000
58663 814.1700000000
58966 815.2800000000
58990 815.7200000000
59020 819.6100000000
59025 824.4200000000
59059 830.1300000000
59065 839.5900000000
59066 847.7200000000
59096 849.9900000000
59146 857.0600000000
59165 861.4600000000
59187 862.4600000000
59550 865.3300000000
59651 872.6100000000
59733 877.2800000000
59822 883.4600000000
59854 892.5300000000
59861 893.5500000000
59911 896.7700000000
59999 899.6600000000
evaluations raw_y
60001 0.0000000000
60002 1.2000000000
60003 8.9800000000
60004 13.5600000000
60006 30.6200000000
60007 45.0500000000
60014 69.2800000000
60018 74.2300000000
60021 89.2600000000
60022 104.0500000000
60029 113.1200000000
60042 132.2900000000
60054 157.7900000000
60075 163.0000000000
60088 179.0100000000
60096 187.3700000000
60097 191.6900000000
60105 199.0900000000
60133 199.7300000000
60140 214.7100000000
60188 220.2400000000
60210 220.8600000000
60215 221.3600000000
60237 226.8500000000
60239 232.7900000000
60244 238.2300000000
60270 248.9200000000
60272 255.2300000000
60284 262.7100000000
60312 269.2300000000
60327 283.4300000000
60338 283.9600000000
60345 320.9600000000
60484 328.5500000000
60513 342.9400000000
60533 359.9200000000
60752 379.0800000000
60790 385.9900000000
60876 395.6300000000
60885 405.8400000000
61026 416.0500000000
61052 420.8200000000
61071 427.2600000000
61096 431.9500000000
61101 457.7300000000
61175 465.0600000000
61539 470.6700000000
61560 472.6100000000
61578 506.4500000000
61841 527.8000000000
61913 538.3700000000
61965 544.3900000000
62005 563.8200000000
62258 568.8300000000
62285 579.9400000000
62323 582.9100000000
62409 591.3300000000
62486 595.2300000000
62531 600.3700000000
62544 677.5800000000
62634 685.0100000000
62703 688.7700000000
62721 695.5600000000
62737 695.6500000000
62738 696.4200000000
62741 707.1700000000
62757 710.8700000000
62775 716.4800000000
62785 721.7200000000
62790 736.5600000000
63104 746.1200000000
63910 746.5700000000
64291 748.9100000000
64349 757.6400000000
66330 759.3500000000
66380 771.3700000000
66700 771.6200000000
66713 772.6100000000
66897 779.1900000000
66989 781.6000000000
67041 812.0500000000
67447 846.4700000000
67474 859.4200000000
67477 871.4500000000
67490 878.1500000000
67554 886.3800000000
67560 891.6500000000
68517 894.5400000000
69065 900.1500000000
69556 952.4400000000
evaluations raw_y
70001 0.0000000000
70002 5.5100000000
70003 7.5800000000
70005 18.4600000000
70006 24.5700000000
70012 30.2300000000
70013 42.7500000000
70019 46.9500000000
70020 62.2900000000
70022 68.7500000000
70030 89.3000000000
70031 93.4600000000
70047 109.3100000000
70049 122.3400000000
70050 140.2800000000
70056 142.6700000000
70061 152.6200000000
70066 157.3100000000
70075 180.1800000000
70087 186.7800000000
70145 192.1000000000
70149 196.5200000000
70171 201.8300000000
70190 204.6400000000
70192 221.3400000000
70194 247.0100000000
70298 261.8200000000
70406 275.7200000000
70415 386.3600000000
70420 405.2100000000
70431 426.6100000000
70461 437.2700000000
70473 455.4800000000
70527 457.5500000000
70536 475.4500000000
70558 482.2200000000
70646 490.9400000000
70651 501.9800000000
71094 507.7400000000
71248 508.6200000000
71345 524.4100000000
71522 587.1400000000
71573 607.8700000000
71619 609.6900000000
71713 621.9100000000
71721 627.4700000000
71726 640.9900000000
71730 645.6300000000
71747 646.2700000000
71771 656.9600000000
71811 662.0500000000
71968 664.4100000000
71986 670.7900000000
72048 677.1600000000
72069 677.8300000000
72141 680.4500000000
72470 681.5600000000
72480 686.2500000000
72542 698.6600000000
72559 699.4600000000
72656 699.6100000000
72707 710.9300000000
73047 725.4900000000
73507 734.8000000000
73741 736.6600000000
73899 737.6600000000
74399 747.6700000000
75405 820.6200000000
75424 824.0800000000
75425 837.9800000000
75446 855.1800000000
76001 858.9200000000
76850 864.7000000000
77344 870.8800000000
77394 876.4400000000
77723 878.4200000000
80000 882.0000000000
evaluations raw_y
80001 0.0000000000
80002 18.2600000000
80003 41.1600000000
80004 41.5400000000
80005 52.0600000000
80010 56.3400000000
80012 65.5400000000
80031 98.5500000000
80040 110.1000000000
80045 127.3400000000
80048 145.8300000000
80093 150.0000000000
80122 156.8200000000
80155 158.2100000000
80168 166.7800000000
80169 196.8200000000
80171 198.5600000000
80175 221.3100000000
80200 234.7800000000
80210 272.3300000000
80276 272.8900000000
80284 276.8400000000
80287 292.1900000000
80291 304.2600000000
80304 311.2800000000
80312 318.8300000000
80332 326.4600000000
80338 334.7700000000
80344 336.1000000000
80347 336.2900000000
80351 351.7100000000
80357 380.7600000000
80404 381.4000000000
80424 384.8900000000
80432 426.9900000000
80451 434.1200000000
80457 441.4800000000
80473 444.0600000000
80484 451.6500000000
80502 453.6400000000
80763 469.0400000000
80831 487.9400000000
80869 502.2400000000
80921 519.3200000000
80931 523.4900000000
80974 524.9800000000
81019 528.3800000000
81039 529.2700000000
81065 546.4900000000
81167 560.5400000000
81210 567.1900000000
81218 574.2500000000
81221 576.7400000000
81258 585.1900000000
81505 586.7800000000
81520 587.3100000000
81603 591.5700000000
81640 595.9000000000
81707 599.0600000000
81712 604.5700000000
81717 609.9100000000
81731 612.3600000000
81736 616.3100000000
81759 626.4800000000
81762 630.7700000000
81767 640.0000000000
81773 651.5800000000
81798 661.1100000000
81814 667.6400000000
81838 679.7400000000
81899 683.4100000000
81911 684.4800000000
81985 685.6300000000
82103 701.7300000000
82201 736.1100000000
82717 742.0400000000
82781 750.2000000000
82790 758.4400000000
82791 776.8200000000
82844 778.5300000000
82898 778.5600000000
82944 790.7100000000
82950 792.5800000000
82970 795.2900000000
83034 795.4500000000
83101 797.3600000000
83111 804.3700000000
83143 812.4000000000
83921 830.4000000000
84195 886.5300000000
84231 907.2300000000
84277 913.2300000000
84473 915.6800000000
84580 919.2100000000
84722 923.4800000000
84726 932.4500000000
84777 971.1400000000
84850 990.7600000000
85059 991.7600000000
85475 993.8100000000
85742 1000.4900000000
86157 1007.0100000000
87111 1012.3500000000
87217 1013.4500000000
87278 1016.9200000000
87289 1027.2200000000
87399 1034.2800000000
87458 1036.8200000000
87838 1042.1100000000
87885 1044.7900000000
87892 1048.7700000000
88226 1051.7100000000
88377 1062.7600000000
89411 1074.4100000000
89732 1077.4500000000
89733 1089.2100000000
evaluations raw_y
90001 0.0000000000
90002 4.5500000000
90004 5.6800000000
90005 19.3600000000
90008 26.4700000000
90009 28.6800000000
90011 33.6400000000
90012 78.5900000000
90015 90.7200000000
90017 104.4100000000
90018 110.4200000000
90026 111.2000000000
90036 117.0100000000
90047 118.5700000000
90069 129.9600000000
90082 140.8500000000
90083 155.5500000000
90089 182.5800000000
90129 196.9700000000
90150 204.2400000000
90177 208.5800000000
90184 228.0700000000
90185 228.5300000000
90293 230.9400000000
90297 233.5900000000
90310 247.9400000000
90422 279.1400000000
90443 290.0400000000
90453 302.2300000000
90463 369.1100000000
90473 392.5100000000
90483 393.8200000000
90497 403.4000000000
90508 411.4100000000
90516 418.4400000000
90569 419.1600000000
90618 424.0100000000
90632 427.5900000000
90652 433.9800000000
90662 434.6000000000
90663 439.6700000000
90673 453.2400000000
90744 467.5800000000
90901 478.1600000000
90923 489.3300000000
90928 493.8600000000
91122 510.5100000000
91369 521.2000000000
91694 526.8800000000
91727 532.5200000000
91765 539.6000000000
91787 545.9000000000
91827 547.4300000000
91842 550.3400000000
91858 558.6500000000
91880 561.4700000000
91882 574.1600000000
91892 575.6800000000
91909 585.3100000000
92109 588.6400000000
92125 589.1500000000
92246 591.9200000000
92262 592.4000000000
92298 597.3600000000
92563 606.9800000000
92638 612.7900000000
92664 618.4700000000
92675 622.4100000000
92722 626.7600000000
92742 627.6000000000
92761 641.8500000000
92813 644.1800000000
92984 656.2500000000
93030 663.7200000000
93162 667.4800000000
93239 672.6500000000
93289 673.3500000000
93336 686.5400000000
93353 732.2700000000
93431 744.5100000000
93495 748.5600000000
93592 750.9600000000
93610 758.2200000000
93715 763.3000000000
93733 768.2000000000
93777 768.5500000000
93959 778.1700000000
93992 781.3700000000
94020 787.2300000000
94229 789.9500000000
94481 803.3000000000
95323 803.7900000000
95817 804.2700000000
95982 804.9700000000
96551 806.4300000000
96593 811.1400000000
97032 817.7300000000
97320 825.9100000000
98492 826.1200000000
99082 834.2800000000
99172 841.3000000000
99552 848.3200000000
evaluations raw_y
100001 0.0000000000
100002 11.3700000000
100003 47.6100000000
100004 47.9000000000
100010 67.6500000000
100015 70.9200000000
100018 97.6600000000
100020 110.1400000000
100032 114.2200000000
100035 115.1000000000
100038 119.6100000000
100082 120.1400000000
100084 131.0000000000
100102 150.5400000000
100168 174.7900000000
100202 183.3600000000
100213 186.8300000000
100214 225.3200000000
100223 229.6500000000
100249 230.9100000000
100252 232.8700000000
100271 234.9600000000
100307 239.1200000000
100325 264.0300000000
100343 275.3200000000
100529 279.6500000000
100531 280.5200000000
100539 295.0500000000
100578 296.2600000000
100586 301.6600000000
100643 302.8200000000
100656 316.4000000000
100663 317.6100000000
100676 331.5800000000
100729 347.3400000000
100794 356.7100000000
100812 368.6800000000
100835 373.2800000000
100925 378.4800000000
100976 387.9700000000
101001 403.0300000000
101002 418.4700000000
101039 438.9400000000
101343 466.7000000000
101491 484.1300000000
101509 496.7600000000
101527 502.5000000000
101621 510.7800000000
101632 519.8900000000
101643 520.4600000000
101682 525.4700000000
101683 526.3100000000
101690 531.1800000000
101728 533.7100000000
101735 556.8800000000
101770 562.2900000000
101801 568.4200000000
101852 572.1600000000
102063 580.3100000000
102160 583.0000000000
102193 591.4600000000
102818 605.2900000000
102897 608.6500000000
102925 618.4700000000
102937 633.6600000000
103194 647.1400000000
103733 654.8200000000
103738 661.3600000000
103803 690.5700000000
104430 715.2400000000
104724 725.6900000000
104808 732.4600000000
104838 738.1700000000
104952 738.5900000000
105274 748.4000000000
105437 764.0800000000
105623 768.3800000000
105699 772.7900000000
105786 773.9000000000
105814 787.8700000000
106615 793.2400000000
106649 797.5800000000
106787 801.9800000000
106811 802.2200000000
106812 812.7600000000
106814 826.9300000000
106867 827.4100000000
107123 837.4500000000
107399 837.6100000000
107652 841.4100000000
108622 844.3700000000
109950 846.7200000000
109971 852.6700000000
evaluations raw_y
110001 0.0000000000
110002 1.5100000000
110003 25.8400000000
110010 32.1500000000
110012 45.3200000000
110014 66.9000000000
110018 68.4300000000
110025 82.8500000000
110026 103.2700000000
110036 112.3900000000
110039 112.7700000000
110041 114.6700000000
110046 127.5500000000
110065 142.5100000000
110075 149.1900000000
110076 156.2700000000
110079 174.5300000000
110084 188.5700000000
110100 215.8700000000
110114 219.7500000000
110115 224.3700000000
110118 226.2400000000
110119 236.9000000000
110135 261.1300000000
110232 269.1600000000
110243 270.0800000000
110266 272.3300000000
110268 284.5900000000
110415 289.9800000000
110428 294.3100000000
110434 300.6900000000
110485 301.1800000000
110494 307.3500000000
110512 325.1400000000
110516 327.1900000000
110521 328.4800000000
110550 354.2200000000
110588 363.8400000000
110704 378.2900000000
110716 378.8300000000
110741 380.8600000000
110855 400.8800000000
110871 420.1100000000
110895 423.3000000000
110927 431.0400000000
111193 434.1900000000
111353 438.1600000000
111455 449.9600000000
111475 452.1300000000
111500 454.7100000000
111528 470.8100000000
111665 474.8800000000
111815 474.9700000000
111822 480.1900000000
111827 481.4600000000
111978 486.5900000000
112265 489.4300000000
112384 496.0300000000
112446 510.0900000000
112520 516.3400000000
112663 520.1200000000
112839 523.7400000000
112845 531.4400000000
112854 531.8800000000
112897 544.8300000000
113052 564.3700000000
113148 568.5200000000
113186 572.1300000000
113196 602.8300000000
113508 707.3000000000
113528 717.7800000000
113536 733.9700000000
113594 741.6700000000
113672 744.7600000000
113681 754.8000000000
113796 771.5400000000
113807 776.0300000000
113890 779.1000000000
113939 780.2700000000
114356 783.4700000000
114543 798.5600000000
115958 800.1800000000
116633 800.2800000000
116816 800.9300000000
116833 805.7600000000
116840 811.7700000000
116988 812.9300000000
117025 823.2400000000
117270 834.1700000000
118393 834.8700000000
118863 842.2900000000
118876 855.7500000000
119083 857.7400000000
119341 864.1500000000
119611 867.7800000000
119692 911.4800000000
evaluations raw_y
120001 0.0000000000
120002 14.2100000000
120003 14.6200000000
120005 20.9400000000
120006 24.3600000000
120007 31.3500000000
120009 34.6600000000
120011 38.0100000000
120013 46.3200000000
120019 51.9200000000
120022 62.9800000000
120028 73.1600000000
120034 75.6300000000
120045 90.8100000000
120063 90.9400000000
120069 97.8200000000
120072 98.3900000000
120078 101.8100000000
120104 127.0700000000
120235 147.8500000000
120237 151.9200000000
120281 166.3500000000
120288 176.4100000000
120296 182.1200000000
120298 198.5700000000
120355 203.5800000000
120357 205.2900000000
120390 223.1900000000
120421 234.4400000000
120445 234.4600000000
120463 234.6600000000
120476 243.8200000000
120480 259.4000000000
120576 268.0500000000
120607 279.0100000000
120626 285.8800000000
120649 300.8200000000
120660 310.1700000000
120661 311.4200000000
120667 324.3600000000
120710 325.4200000000
120726 327.5700000000
120727 347.5300000000
120785 356.8900000000
120800 362.4200000000
120810 365.7300000000
120814 367.3000000000
120818 381.8800000000
120824 398.0900000000
120850 413.1600000000
120928 430.1000000000
120941 432.2900000000
120985 445.2800000000
121054 448.2600000000
121455 501.9500000000
121505 519.0100000000
121529 522.5000000000
121572 527.9200000000
121656 531.5700000000
121731 542.0300000000
121754 543.9500000000
121833 553.9500000000
122200 656.5900000000
122262 661.3200000000
122385 663.5500000000
122430 664.2000000000
122433 680.2700000000
122445 694.2500000000
122998 694.4000000000
123493 695.7300000000
123503 701.2100000000
123548 706.7200000000
123595 708.2600000000
123634 714.6600000000
123723 721.6000000000
123737 724.3300000000
123763 725.9300000000
123774 728.5100000000
123801 737.1200000000
123815 744.2300000000
123910 747.3100000000
124028 755.5700000000
124050 757.4400000000
124138 757.5200000000
124186 760.2200000000
124205 761.3900000000
124260 762.5300000000
124318 765.7800000000
124324 771.4900000000
124341 772.2300000000
124418 785.3100000000
124914 796.3800000000
124961 799.0700000000
124972 800.3400000000
124982 810.6500000000
125096 812.5200000000
125124 833.6200000000
125147 862.0000000000
125354 867.5100000000
125378 897.6700000000
125387 906.5000000000
125626 911.4200000000
126678 914.7300000000
127010 919.0700000000
127013 922.6100000000
127048 929.1900000000
127073 938.5400000000
127131 950.2600000000
127520 951.5400000000
127769 955.6000000000
127878 957.9000000000
127937 976.7000000000
128353 978.4200000000
128358 979.2000000000
128378 980.3600000000
128394 982.0000000000
128528 989.5500000000
128637 993.8700000000
128724 995.2900000000
129801 995.7200000000
129812 1001.9600000000
evaluations raw_y
130001 0.0000000000
130002 8.7700000000
130003 18.4600000000
130004 37.7400000000
130008 37.9000000000
130011 38.4500000000
130013 41.1900000000
130014 46.0700000000
130020 53.8500000000
130021 60.9800000000
130029 70.0800000000
130035 83.8900000000
130043 100.4600000000
130054 101.7400000000
130062 112.4000000000
130064 125.8600000000
130070 129.2400000000
130072 148.4900000000
130170 160.9100000000
130173 167.2700000000
130232 185.5500000000
130256 198.1100000000
130336 199.9200000000
130362 203.4900000000
130385 212.0200000000
130397 217.2900000000
130399 230.4000000000
130407 253.1600000000
130419 255.3300000000
130421 259.6100000000
130507 270.4300000000
130510 282.4800000000
130528 294.2300000000
130530 307.6700000000
130591 309.3800000000
130598 325.9900000000
130613 340.8900000000
130651 342.1100000000
130681 351.0800000000
130714 377.9700000000
131290 413.3700000000
131320 415.2200000000
131324 431.4700000000
131327 436.4400000000
131346 443.6700000000
131383 449.4200000000
131390 461.6700000000
131526 467.2200000000
131537 473.4500000000
132069 487.9000000000
132217 501.2100000000
132314 509.0500000000
132375 513.4500000000
132391 536.3200000000
132416 566.3800000000
132516 566.9000000000
132519 577.3700000000
132602 579.7700000000
132741 580.5700000000
132781 589.3200000000
133025 599.4700000000
133068 601.7300000000
133151 607.9000000000
133160 615.5200000000
133197 617.4400000000
133241 620.9700000000
133284 635.1100000000
133411 641.1400000000
133413 644.3200000000
133430 664.0900000000
133448 675.6800000000
133542 681.4900000000
133772 681.9400000000
134076 749.5600000000
134159 773.0800000000
134201 775.6800000000
134212 776.0200000000
134254 794.6100000000
134323 804.4200000000
134332 808.6700000000
134344 809.7700000000
134444 823.6000000000
135307 824.4100000000
135359 832.5100000000
135385 850.6100000000
135927 871.3700000000
137619 872.9600000000
137858 876.6600000000
138236 879.0300000000
139337 880.4300000000
139387 882.1100000000
139446 885.7300000000
evaluations raw_y
140001 0.0000000000
140002 8.0400000000
140003 19.2200000000
140004 27.7800000000
140005 39.2400000000
140006 43.3600000000
140008 55.0900000000
140010 78.9700000000
140015 85.9800000000
140018 98.6500000000
140024 115.8200000000
140032 128.9800000000
140035 130.4600000000
140036 131.3900000000
140037 134.3800000000
140065 157.4300000000
140077 172.0600000000
140089 184.8900000000
140097 194.0900000000
140099 196.6900000000
140101 206.6600000000
140102 219.3000000000
140105 221.1400000000
140110 247.5000000000
140111 261.1800000000
140113 285.0200000000
140122 306.2700000000
140124 314.7500000000
140125 314.8800000000
140128 343.4100000000
140142 356.1600000000
140147 366.1600000000
140154 371.0300000000
140167 378.9800000000
140194 379.1000000000
140210 390.8900000000
140233 403.2800000000
140332 414.0400000000
140422 448.7800000000
140442 466.0600000000
140506 475.5200000000
140588 480.9400000000
140635 483.2600000000
140771 491.8700000000
140833 493.3600000000
140839 516.8900000000
140855 537.0900000000
140909 541.4000000000
140910 561.0200000000
140941 567.6800000000
140975 573.4200000000
141089 578.6400000000
141102 582.8500000000
141144 615.8400000000
141164 681.6200000000
141178 695.3300000000
141188 705.9100000000
141191 714.4500000000
141220 714.6100000000
141292 716.3100000000
141321 720.9400000000
141620 732.2400000000
141659 733.2200000000
141684 743.9700000000
141694 764.5700000000
142781 768.8500000000
142916 783.7800000000
143850 794.6200000000
143869 796.5400000000
143898 800.7400000000
143903 801.7400000000
143912 802.7800000000
143913 803.9800000000
143968 841.3500000000
144088 862.3200000000
144182 863.8500000000
144233 867.8200000000
144253 880.4300000000
144367 886.1600000000
145802 886.9700000000
146188 888.6000000000
146302 889.8900000000
146311 898.3300000000
146385 902.6400000000
146427 910.9500000000
147329 919.1900000000
148223 921.1600000000
149323 921.8500000000
evaluations raw_y
150001 0.0000000000
150002 3.3800000000
150003 16.4100000000
150007 24.2100000000
150009 24.2200000000
150010 28.0600000000
150017 37.1000000000
150018 51.6800000000
150019 61.9300000000
150023 65.1400000000
150024 68.1000000000
150039 87.9100000000
150050 105.8600000000
150051 110.8900000000
150054 112.4600000000
150060 144.5900000000
150068 165.4000000000
150114 166.5400000000
150133 174.7800000000
150145 183.7400000000
150150 190.6700000000
150169 193.6900000000
150174 206.8100000000
150198 216.9200000000
150368 235.6100000000
150383 247.6400000000
150386 249.0600000000
150414 265.7400000000
150516 277.1200000000
150618 281.0800000000
150625 283.1000000000
150634 286.3600000000
150641 325.1300000000
150703 357.3200000000
151015 363.5100000000
151208 365.7500000000
151431 375.0400000000
151445 378.1600000000
151484 379.3600000000
151497 411.2300000000
151501 419.4100000000
151534 421.2800000000
151561 431.2900000000
151573 489.8800000000
151580 497.8100000000
151606 508.9800000000
151645 510.9800000000
151656 516.4100000000
151661 524.3200000000
151935 530.5400000000
151942 553.0000000000
152461 553.1300000000
152470 555.2500000000
152493 555.3900000000
152508 556.0800000000
152535 581.0800000000
152747 595.9900000000
152764 598.0200000000
153085 611.8900000000
153269 624.2700000000
153355 635.3600000000
153450 636.8600000000
154289 643.3900000000
154369 650.7300000000
154396 660.3600000000
154466 660.6500000000
154498 677.0100000000
154557 693.8700000000
154636 703.9000000000
154887 705.0400000000
154967 711.3200000000
155064 716.3200000000
155065 719.9500000000
155076 739.3900000000
155123 751.1400000000
155162 755.6600000000
155194 767.5200000000
155417 769.1100000000
155697 770.8600000000
155732 778.9800000000
155896 784.3600000000
156049 789.9000000000
156318 792.3400000000
156793 798.8700000000
156872 856.9300000000
156883 872.3200000000
156948 882.1300000000
157024 885.8600000000
157094 896.1500000000
157723 899.5000000000
157735 905.3100000000
159429 917.8600000000
159521 930.6800000000
159615 933.3300000000
159812 952.3600000000
evaluations raw_y
160001 0.0000000000
160002 13.7300000000
160005 34.6200000000
160007 44.5300000000
160013 53.1800000000
160014 66.4500000000
160020 108.5900000000
160023 141.6100000000
160025 154.7200000000
160027 181.0000000000
160056 196.7900000000
160074 203.6900000000
160075 242.9700000000
160130 245.0600000000
160134 261.3400000000
160138 262.0900000000
160144 277.9900000000
160149 291.7400000000
160161 308.0000000000
160179 310.0000000000
160195 311.8800000000
160210 312.8500000000
160250 324.8400000000
160280 339.6900000000
160316 344.9600000000
160317 353.0500000000
160346 363.3800000000
160357 386.6000000000
160495 406.0800000000
160514 408.0000000000
160520 428.7900000000
160535 432.9000000000
160544 454.5800000000
161266 510.3800000000
161335 516.5700000000
161349 521.7200000000
161359 522.7600000000
161360 523.5800000000
161363 539.5400000000
161439 541.7900000000
161450 541.9500000000
161530 549.2800000000
161558 563.4800000000
161798 576.3000000000
161894 576.6600000000
161968 583.7600000000
162009 584.5400000000
162094 589.9400000000
162096 637.1000000000
162131 656.0000000000
162136 670.3200000000
162200 671.9400000000
162247 672.8500000000
162269 676.9400000000
162352 681.0500000000
162355 684.1500000000
162769 685.0700000000
162778 696.4100000000
162779 700.2600000000
162780 706.7800000000
162805 711.1400000000
162879 723.0200000000
162934 734.2900000000
162954 744.5100000000
163168 746.7900000000
163190 757.1900000000
163540 771.6400000000
163760 774.9500000000
163795 780.4100000000
164460 780.8800000000
165184 785.3800000000
165266 788.8300000000
165561 790.5100000000
165575 795.3500000000
165609 799.3900000000
165690 809.1600000000
165695 854.1300000000
165705 862.7600000000
165712 880.4900000000
165801 889.3700000000
165809 899.1400000000
165836 911.6400000000
165866 917.9000000000
165938 918.2800000000
166280 919.3600000000
166338 920.9900000000
166414 924.0900000000
166509 924.5900000000
166542 925.4900000000
166580 929.0000000000
166922 929.1300000000
167220 930.4600000000
168176 932.3100000000
168289 935.9100000000
168461 939.5100000000
168568 977.0300000000
168643 977.0500000000
168704 980.5100000000
168709 987.8800000000
168722 1004.4300000000
168736 1018.6400000000
evaluations raw_y
170001 0.0000000000
170002 3.4400000000
170004 13.6000000000
170006 33.8100000000
170007 68.7000000000
170010 75.0200000000
170011 102.0200000000
170014 104.8000000000
170016 116.9400000000
170024 146.3200000000
170061 151.2600000000
170063 168.2400000000
170066 181.9600000000
170072 186.4600000000
170079 190.7700000000
170085 192.4600000000
170089 201.0000000000
170090 205.7600000000
170178 224.6800000000
170195 226.9500000000
170199 229.5200000000
170201 241.2700000000
170204 250.7600000000
170356 251.1300000000
170427 256.0000000000
170430 264.7400000000
170438 272.3600000000
170443 274.9700000000
170454 296.5100000000
170508 305.2200000000
170588 324.4800000000
170753 332.1800000000
170756 347.4700000000
170775 349.0100000000
170784 355.5900000000
170795 355.9600000000
170798 356.9900000000
170802 360.0500000000
170824 375.8300000000
170830 376.2800000000
170895 392.2400000000
170958 397.8000000000
171059 399.6900000000
171064 419.5400000000
171095 420.0300000000
171171 431.0900000000
171190 434.5800000000
171195 438.1800000000
171247 438.7800000000
171288 450.5200000000
171328 456.3200000000
171380 535.9000000000
171381 539.8600000000
171391 546.1800000000
171406 555.4200000000
171465 572.9800000000
171485 573.0900000000
171498 576.0200000000
171516 586.9100000000
171521 589.4100000000
171574 596.6300000000
171631 599.9300000000
171812 604.4000000000
171958 604.4100000000
171992 604.9600000000
172022 619.7800000000
172288 631.9900000000
172333 639.1100000000
172509 648.2000000000
172587 656.1200000000
172593 659.4700000000
172648 676.5100000000
172691 676.5400000000
172698 685.3800000000
173020 701.5400000000
175765 709.3700000000
176514 712.2800000000
177249 719.4300000000
177284 723.5300000000
177296 723.8500000000
177310 749.8100000000
177323 751.2300000000
177857 752.1200000000
177963 752.3200000000
178110 757.3200000000
178132 763.2000000000
178166 767.9800000000
178393 770.6200000000
178427 780.8300000000
178524 785.6000000000
179438 788.2900000000
evaluations raw_y
180001 0.0000000000
180002 6.8900000000
180004 17.4700000000
180005 25.7400000000
180006 37.3500000000
180008 56.7300000000
180012 59.4500000000
180018 59.5600000000
180019 62.1800000000
180020 68.2600000000
180031 73.7900000000
180039 91.2500000000
180051 111.2000000000
180052 115.7900000000
180058 132.6000000000
180062 153.9300000000
180081 168.2200000000
180092 184.6500000000
180136 190.7900000000
180171 194.6800000000
180182 214.8700000000
180195 231.7700000000
180440 234.3000000000
180485 246.7100000000
180491 262.1600000000
180522 270.9100000000
180527 273.9900000000
180537 303.0600000000
180570 309.9900000000
180600 313.0800000000
180604 323.8800000000
180623 328.7100000000
180680 343.4400000000
180775 350.2700000000
180837 359.5600000000
181133 370.9800000000
181207 375.1900000000
181209 384.2000000000
181277 384.5400000000
181279 385.1700000000
181339 387.5600000000
181349 401.4100000000
181477 454.7300000000
181520 499.1000000000
181650 502.9800000000
181656 506.1500000000
181663 507.1800000000
181704 520.2800000000
181712 548.5900000000
181756 555.9600000000
181911 561.9700000000
181972 566.5800000000
181982 591.7900000000
182248 601.9400000000
182315 629.1200000000
182347 630.1100000000
182358 638.0000000000
182359 639.7500000000
182401 645.5200000000
182443 653.6700000000
182542 658.7300000000
182553 664.7400000000
182571 678.3500000000
182757 687.7200000000
182815 688.0800000000
183219 690.9100000000
183297 694.4500000000
183404 700.7700000000
183500 799.1900000000
183503 804.2700000000
183547 810.8200000000
183550 817.0400000000
183555 817.8500000000
183607 821.5000000000
183629 822.7300000000
183643 829.0200000000
184001 840.5800000000
184821 843.2500000000
185174 845.8300000000
185491 869.7200000000
185569 888.5500000000
185574 896.1300000000
185645 899.2700000000
185671 909.5200000000
185903 909.9200000000
185939 909.9900000000
186025 919.6400000000
186069 927.0300000000
186327 928.3000000000
186370 936.4700000000
187593 936.9900000000
187737 950.7300000000
188505 982.2800000000
188530 990.9700000000
188541 1002.5000000000
188555 1024.8500000000
188720 1030.3000000000
188724 1034.2600000000
188836 1034.5600000000
188839 1045.3500000000
188967 1047.3900000000
189029 1055.7100000000
189070 1057.8100000000
189200 1062.7700000000
evaluations raw_y
190001 0.0000000000
190002 25.7200000000
190005 42.9800000000
190007 49.1100000000
190008 56.1000000000
190010 70.8000000000
190014 76.4700000000
190017 82.2200000000
190020 92.7400000000
190033 101.0600000000
190038 101.5300000000
190075 101.9300000000
190094 103.7700000000
190096 158.9200000000
190121 165.3700000000
190125 186.3900000000
190143 189.6200000000
190150 194.7300000000
190172 199.6600000000
190173 221.8700000000
190182 228.3200000000
190188 237.6900000000
190248 251.3200000000
190280 275.1800000000
190346 281.9500000000
190397 289.0300000000
190407 291.0500000000
190417 295.3400000000
190420 300.8600000000
190430 325.9400000000
190964 426.4400000000
191027 428.6400000000
191095 436.4200000000
191180 439.3800000000
191190 444.2400000000
191209 467.6600000000
191219 469.2300000000
191238 489.3300000000
191245 493.6400000000
191265 515.8400000000
191412 536.3100000000
191847 590.0800000000
191922 602.0500000000
192002 603.1200000000
192042 605.5000000000
192049 615.6000000000
192344 622.7400000000
192498 634.8600000000
192761 635.6600000000
192799 647.5800000000
193577 653.4800000000
194315 654.8600000000
194432 665.0000000000
195345 667.9700000000
195652 673.1600000000
196182 675.5900000000
196454 676.4000000000
196456 686.9800000000
196705 687.5400000000
196765 706.0100000000
196823 714.2600000000
197276 714.9800000000
197304 719.5800000000
197631 726.8500000000
197907 728.7200000000
197965 732.5000000000
198065 733.9600000000
198228 748.1200000000
198366 750.8000000000
198484 762.1100000000
198574 801.7300000000
198577 803.4200000000
198607 828.0300000000
198830 830.8800000000
199377 833.8700000000
199937 838.5600000000
199978 844.6800000000
evaluations raw_y
200001 0.0000000000
200002 1.8000000000
200003 12.4400000000
200004 24.8900000000
200008 43.4800000000
200014 50.2900000000
200015 56.2000000000
200018 63.0400000000
200019 64.6300000000
200024 70.9300000000
200035 112.3300000000
200036 134.3700000000
200041 149.4800000000
200065 152.3100000000
200070 154.3300000000
200090 155.0000000000
200094 178.0000000000
200095 181.8500000000
200098 186.9500000000
200118 190.1400000000
200126 196.5000000000
200164 204.7400000000
200235 208.1000000000
200262 226.8500000000
200300 240.0200000000
200468 250.0000000000
200481 269.7900000000
200631 278.8500000000
200649 279.1100000000
200659 279.5400000000
200727 279.7900000000
200736 288.7000000000
200920 293.5200000000
200947 300.6400000000
201001 307.0900000000
201005 330.2400000000
201045 340.5600000000
201229 343.5300000000
201265 357.7000000000
201373 364.2000000000
201390 366.0300000000
201404 427.9100000000
203019 439.2600000000
203082 445.9400000000
203087 453.1100000000
203145 453.5200000000
203156 483.6900000000
203445 492.3000000000
203457 496.2100000000
203460 502.8800000000
203466 504.2000000000
203499 514.6800000000
203506 526.3300000000
203541 528.9800000000
203635 529.9200000000
203683 538.4200000000
203695 558.5200000000
203992 564.9600000000
204028 627.9800000000
204032 641.8100000000
204046 650.2400000000
204075 652.9600000000
204205 655.1400000000
204225 661.8600000000
204607 662.4000000000
204661 669.3700000000
204684 676.0200000000
204724 690.5900000000
205727 691.8300000000
205817 700.5200000000
205914 700.5700000000
205916 702.1100000000
206064 706.7000000000
206068 713.4500000000
206224 716.9300000000
206452 721.5600000000
206453 726.1500000000
206463 727.7600000000
206467 743.3300000000
206469 743.6300000000
206480 758.3800000000
206505 762.5600000000
206542 765.6600000000
206595 767.2000000000
206613 777.5800000000
206642 781.6800000000
206874 792.2700000000
206950 802.0500000000
207689 803.6900000000
207701 812.0200000000
207736 812.2100000000
207738 837.9100000000
207965 848.6700000000
208099 849.2700000000
208999 857.8700000000
evaluations raw_y
210001 0.0000000000
210002 6.3500000000
210004 9.6300000000
210006 17.2500000000
210009 39.9300000000
210014 46.2400000000
210018 46.9300000000
210023 57.8600000000
210026 58.8100000000
210028 58.8700000000
210032 77.8700000000
210035 80.7500000000
210040 110.6400000000
210043 134.9200000000
210056 138.1800000000
210104 150.3800000000
210124 158.9800000000
210127 178.2400000000
210258 178.9600000000
210315 185.9900000000
210318 194.8300000000
210323 197.7200000000
210332 220.9200000000
210357 240.0000000000
210373 254.2000000000
210449 261.5900000000
210493 273.3900000000
210529 276.5700000000
210551 287.7600000000
210569 294.0800000000
210611 307.9900000000
210693 314.5300000000
210694 328.1100000000
210798 328.3000000000
210840 356.7200000000
210874 376.5000000000
210986 376.8300000000
211004 386.3800000000
211041 390.0900000000
211042 396.9400000000
211060 418.8400000000
211105 436.1200000000
211304 441.5200000000
211374 456.6200000000
211389 473.6500000000
211428 481.4500000000
211478 504.1000000000
212607 564.5800000000
212620 583.2000000000
212645 587.7900000000
212686 589.4600000000
212709 607.2500000000
212741 611.5300000000
212761 621.9300000000
212788 639.8400000000
212820 649.2900000000
212827 681.6200000000
212840 687.0700000000
212852 688.5200000000
212899 692.7700000000
212919 698.5900000000
213058 704.7700000000
213126 713.6600000000
213178 720.0800000000
213486 723.7900000000
213545 729.8700000000
213547 735.6400000000
213578 757.5000000000
213636 760.6300000000
213792 763.6200000000
213894 765.4300000000
214269 775.5500000000
214730 781.1900000000
214832 807.5600000000
214870 817.5900000000
214914 820.4300000000
214936 821.5600000000
214979 824.1300000000
214996 826.3500000000
215022 851.5900000000
216979 854.2400000000
216983 857.4000000000
216984 878.4300000000
216996 880.8000000000
217101 886.0300000000
217148 897.7900000000
219906 898.5900000000
evaluations raw_y
220001 0.0000000000
220002 6.0600000000
220003 11.8200000000
220004 18.8500000000
220005 20.1700000000
220008 21.3600000000
220009 29.5000000000
220015 44.6900000000
220025 62.7900000000
220027 67.1000000000
220033 119.1900000000
220059 123.5800000000
220069 129.6200000000
220136 134.5400000000
220166 143.6800000000
220171 154.1500000000
220176 156.2100000000
220187 164.5500000000
220194 177.0900000000
220197 179.4000000000
220214 208.2100000000
220217 214.5800000000
220220 228.7300000000
220225 230.4200000000
220293 247.1000000000
220301 258.1100000000
220302 265.3800000000
220452 265.7300000000
220453 269.9400000000
220466 275.0600000000
220486 316.5700000000
220597 319.4200000000
220666 319.9700000000
220668 331.3900000000
220705 338.6800000000
220726 361.9300000000
220984 369.1200000000
221018 370.0300000000
221031 381.7800000000
221102 398.7800000000
221393 400.1000000000
221420 400.4900000000
221485 427.6500000000
221579 428.0400000000
221619 435.2800000000
221626 448.1300000000
222001 459.4300000000
222009 473.3700000000
222034 482.8100000000
222035 488.7300000000
222047 490.9400000000
222065 492.1700000000
222099 495.5700000000
222103 506.5900000000
222135 516.1500000000
222169 518.8900000000
222292 527.4800000000
222336 537.6400000000
222410 545.8600000000
222460 546.0100000000
222495 548.8000000000
222512 564.9800000000
222522 570.8100000000
222526 573.6000000000
222558 584.3100000000
222712 591.5000000000
222861 597.3400000000
222871 599.3400000000
222887 602.3200000000
222914 616.6200000000
223006 616.9300000000
223202 621.5300000000
223210 642.6400000000
223870 730.2600000000
223963 741.9200000000
224038 743.8700000000
224115 752.7600000000
224374 754.2700000000
224682 755.2900000000
225327 759.7300000000
225927 761.0200000000
227771 766.5500000000
227990 766.6800000000
228030 776.7900000000
228138 777.6600000000
228255 778.2100000000
228268 785.6600000000
228339 791.4100000000
228428 797.5400000000
228518 800.3800000000
228539 835.3600000000
228579 855.3900000000
228616 864.6600000000
228691 866.8100000000
228875 871.3200000000
229069 871.7500000000
229557 878.0100000000
evaluations raw_y
230001 0.0000000000
230002 3.5400000000
230003 10.0000000000
230004 16.8500000000
230005 29.7900000000
230006 46.3700000000
230008 63.1300000000
230016 64.2500000000
230017 92.1600000000
230019 92.5600000000
230021 111.6700000000
230041 120.5200000000
230046 134.0400000000
230052 137.5300000000
230065 145.2300000000
230069 156.9800000000
230095 164.9200000000
230109 167.1300000000
230125 178.8600000000
230141 184.6800000000
230202 191.4500000000
230245 200.2100000000
230255 201.8700000000
230290 203.0400000000
230299 221.2700000000
230304 242.6900000000
230309 245.5400000000
230341 249.5000000000
230355 252.4900000000
230372 253.1400000000
230373 259.7300000000
230386 268.9700000000
230468 279.4500000000
230516 286.9700000000
230538 296.8800000000
230590 316.2700000000
230625 316.3500000000
230662 326.0600000000
230718 327.0800000000
230739 332.5900000000
230756 340.5600000000
230761 342.0000000000
230822 351.5200000000
230987 374.5200000000
231557 383.5400000000
231611 389.4600000000
231691 401.8000000000
231839 410.3400000000
231938 425.4800000000
232149 432.1500000000
232156 433.0400000000
232221 437.8700000000
232233 452.5000000000
232341 454.8900000000
232348 467.4400000000
232538 471.0500000000
232550 486.2500000000
232852 494.7100000000
232937 495.1200000000
232990 495.4000000000
233075 499.0200000000
233094 499.0300000000
233172 504.6500000000
233251 511.3800000000
233354 511.6500000000
233481 517.1500000000
233495 518.6200000000
233563 527.1300000000
233602 530.0000000000
233614 559.6200000000
233895 560.0800000000
233903 561.2200000000
233906 567.3200000000
234011 573.1200000000
234026 591.9600000000
235546 592.6500000000
235574 605.6700000000
235604 607.6400000000
235610 614.8700000000
235623 616.1100000000
235646 616.3900000000
235665 620.5100000000
235667 629.8300000000
235711 642.9400000000
235731 653.1500000000
235759 666.2200000000
235780 667.5800000000
236139 668.4200000000
236175 670.1600000000
236184 675.8800000000
236254 678.3600000000
236270 681.7300000000
236467 686.1500000000
236532 691.7100000000
236838 699.7200000000
236857 712.4900000000
237238 712.6900000000
237247 721.3800000000
237284 732.0900000000
237290 747.1400000000
237339 755.0400000000
237794 755.2200000000
237862 760.9000000000
237908 769.1900000000
237948 778.8000000000
238154 784.4000000000
238306 793.4900000000
238326 799.4700000000
238396 801.1200000000
238418 887.5600000000
238433 895.0500000000
238455 898.2400000000
238564 898.5800000000
238584 900.3500000000
238593 908.0400000000
238629 909.6100000000
238637 914.4300000000
238748 921.9400000000
evaluations raw_y
240001 0.0000000000
240002 6.7400000000
240004 7.6000000000
240005 23.2500000000
240009 25.7000000000
240011 30.9600000000
240013 62.5100000000
240032 69.3200000000
240034 70.0500000000
240047 71.0300000000
240056 87.6400000000
240057 97.9100000000
240058 103.2300000000
240068 115.0300000000
240069 115.5600000000
240086 132.7300000000
240107 134.5000000000
240108 138.1800000000
240117 159.9700000000
240122 160.2200000000
240132 164.1800000000
240148 172.0400000000
240150 184.9400000000
240153 192.2200000000
240173 204.6700000000
240234 221.5500000000
240235 228.2900000000
240256 252.1800000000
240291 262.0000000000
240399 266.2200000000
240427 282.7600000000
240443 287.6500000000
240507 309.4200000000
240567 326.1700000000
240792 335.3300000000
240804 335.9600000000
240844 347.0400000000
240861 348.5400000000
240988 349.3200000000
241025 355.7700000000
241037 357.3100000000
241054 359.3000000000
241200 361.7900000000
241207 373.4500000000
241282 373.9000000000
241394 400.1600000000
241643 428.0000000000
241743 434.4300000000
241845 435.5700000000
241863 460.3200000000
241908 473.2400000000
241937 476.3100000000
241975 481.1200000000
241982 490.2800000000
242388 500.2700000000
242390 519.5300000000
242396 554.7500000000
242477 560.8300000000
242482 568.7500000000
242801 580.1800000000
243163 580.9100000000
243177 588.1800000000
243192 612.0300000000
243234 627.8600000000
243275 630.6600000000
243627 637.2800000000
244016 641.8600000000
244024 660.6200000000
244228 673.9700000000
244667 679.2000000000
244682 733.9600000000
244685 745.0400000000
244741 755.3800000000
244925 759.7200000000
244960 761.1400000000
245172 764.5100000000
245224 767.5900000000
245415 768.0300000000
245507 773.3000000000
245525 777.8700000000
245540 795.0000000000
245564 796.1000000000
245719 805.6600000000
246141 907.5600000000
246173 910.5700000000
246180 918.1300000000
246261 920.5000000000
246339 931.2100000000
246349 934.1000000000
246370 937.5700000000
246381 943.5800000000
246921 946.1200000000
246926 950.5200000000
246992 950.6200000000
247049 957.1100000000
247078 971.6300000000
247191 971.6700000000
247307 977.9800000000
247535 998.6900000000
249354 1004.9900000000
249591 1010.3300000000
249636 1014.7900000000
249685 1019.3300000000
evaluations raw_y
250001 0.0000000000
250002 18.3700000000
250003 27.6200000000
250004 29.5900000000
250005 40.8000000000
250006 52.3300000000
250016 61.9700000000
250023 83.2900000000
250033 86.2500000000
250038 90.2600000000
250042 116.1000000000
250061 117.9400000000
250073 145.4800000000
250074 175.6600000000
250082 180.8500000000
250091 189.2000000000
250117 196.7800000000
250120 219.9900000000
250153 355.1900000000
250200 369.1700000000
250218 372.0000000000
250310 373.6500000000
250359 381.6000000000
250372 382.1600000000
250379 390.1600000000
250391 391.2100000000
250424 391.5400000000
250449 405.5100000000
250494 408.5900000000
250523 423.9800000000
250542 424.5100000000
250566 435.4400000000
250580 448.7900000000
250582 454.8800000000
250608 457.9100000000
250701 458.4900000000
250706 471.4600000000
250731 474.6100000000
250769 486.6800000000
250860 499.1200000000
250964 499.4100000000
251036 510.2600000000
251141 517.2500000000
251236 541.3500000000
251407 553.2700000000
252228 558.3000000000
252267 559.2300000000
252271 580.6200000000
252284 587.3000000000
252369 595.0400000000
252371 608.4600000000
252392 618.0900000000
253257 620.2500000000
253273 628.9300000000
253323 645.0000000000
253586 654.0200000000
253600 654.9500000000
253632 659.1300000000
253634 664.4800000000
253636 683.7300000000
253711 688.0900000000
253726 689.7300000000
253856 697.8200000000
254105 712.3800000000
255564 715.5300000000
255812 717.2300000000
255878 726.5700000000
255914 736.1900000000
255924 875.2000000000
255961 885.9100000000
256037 892.5300000000
256041 895.1900000000
256109 904.1000000000
256159 905.8200000000
256452 908.8200000000
256520 908.9100000000
256524 921.4100000000
256553 934.5300000000
256583 944.2100000000
256645 944.4800000000
256834 955.6800000000
257321 962.9000000000
257927 963.0800000000
259065 965.4600000000
259096 979.2500000000
259109 996.5500000000
259163 1014.4100000000
evaluations raw_y
260001 0.0000000000
260002 18.2300000000
260003 22.8700000000
260004 23.6600000000
260005 25.7300000000
260007 27.5500000000
260012 29.6800000000
260014 44.8700000000
260018 52.4900000000
260023 61.0500000000
260025 63.0900000000
260029 73.6100000000
260030 78.4900000000
260032 96.3800000000
260035 103.9700000000
260038 113.9100000000
260049 115.6900000000
260051 123.8200000000
260053 129.9100000000
260065 133.3300000000
260079 135.5100000000
260098 170.3200000000
260176 178.7200000000
260182 197.2200000000
260185 204.5500000000
260193 209.9900000000
260201 226.0500000000
260219 264.9000000000
260249 273.0700000000
260265 288.7100000000
260272 296.6200000000
260289 301.6900000000
260325 332.4100000000
260354 340.2200000000
260365 352.8200000000
260428 358.7600000000
260431 364.8500000000
260720 380.4900000000
260801 394.0200000000
260834 418.3300000000
260847 419.3700000000
260850 425.6400000000
260879 431.4300000000
261034 445.7100000000
261074 445.7300000000
261174 448.3600000000
261394 461.0600000000
261442 476.8700000000
261477 485.6000000000
261478 505.3900000000
264067 507.9100000000
264074 508.7400000000
264128 509.1100000000
264129 517.6300000000
264335 526.5900000000
265047 529.0000000000
265061 544.3300000000
265124 549.3800000000
265503 561.2700000000
265506 578.8600000000
265511 592.3300000000
265536 610.4700000000
265572 657.1000000000
265642 663.4700000000
265648 677.3100000000
265681 684.2000000000
265705 689.1600000000
265849 689.3600000000
265905 699.2200000000
266126 764.0900000000
266137 776.1300000000
266143 782.2700000000
266200 786.6900000000
266370 795.3400000000
266445 802.8800000000
266456 809.0100000000
266530 817.1600000000
266536 817.7100000000
266549 835.2700000000
268187 842.9800000000
269258 851.9500000000
evaluations raw_y
270001 0.0000000000
270002 8.0400000000
270003 22.1000000000
270004 44.6400000000
270008 46.2000000000
270017 47.3200000000
270018 56.4300000000
270020 65.9800000000
270024 66.2000000000
270047 66.8300000000
270054 73.6400000000
270058 121.5800000000
270090 144.7800000000
270092 146.4800000000
270101 159.8400000000
270104 193.6000000000
270113 203.6600000000
270118 209.4100000000
270124 250.6100000000
270152 257.8600000000
270157 263.0700000000
270161 265.1400000000
270184 273.2300000000
270196 274.4200000000
270203 310.7100000000
270617 313.6000000000
270723 321.0900000000
270843 321.5500000000
270884 337.9100000000
270916 340.2200000000
270929 345.1500000000
271052 366.0300000000
271627 369.0100000000
271639 382.9100000000
271643 410.2800000000
271644 432.5400000000
271654 448.2100000000
271696 455.9200000000
271697 464.6600000000
271702 483.3600000000
271716 490.0200000000
271718 501.6000000000
271725 506.5100000000
271764 513.7900000000
271782 525.5500000000
271836 534.2500000000
271895 544.0400000000
272003 549.0200000000
272025 551.1700000000
272027 566.8100000000
272029 574.5100000000
272182 633.8700000000
272186 664.7000000000
272275 671.5100000000
272361 672.0200000000
272378 684.9300000000
272704 685.7900000000
272793 686.6000000000
272854 704.4500000000
273146 706.8900000000
273147 716.3700000000
273262 717.2400000000
273272 723.5700000000
273616 726.0700000000
273681 728.0900000000
273844 732.4000000000
274063 733.1600000000
274185 733.4700000000
274261 737.5400000000
274272 749.0700000000
274329 752.4800000000
274467 759.9500000000
274483 760.8200000000
274506 778.6800000000
274929 794.7400000000
275119 799.2600000000
275464 802.0500000000
275741 803.1700000000
275987 808.5600000000
276086 829.2700000000
276425 830.0000000000
276438 842.0000000000
276512 846.2900000000
276553 860.4100000000
276664 862.9700000000
276870 870.6100000000
277097 876.1200000000
277758 879.2500000000
278181 883.0800000000
278272 884.5800000000
278848 928.9500000000
278946 943.9700000000
279401 951.5100000000
evaluations raw_y
280001 0.0000000000
280002 21.0100000000
280003 32.8300000000
280004 37.3700000000
280006 47.2800000000
280007 47.3600000000
280009 56.6400000000
280012 66.8100000000
280013 92.1900000000
280022 97.1900000000
280034 135.7900000000
280117 141.3900000000
280129 179.6600000000
280154 180.4400000000
280158 188.6200000000
280246 208.7000000000
280296 236.0200000000
280369 236.7500000000
280370 242.5500000000
280376 262.4000000000
280381 265.2300000000
280384 267.0500000000
280386 273.4700000000
280402 278.4500000000
280409 282.5900000000
280425 294.3100000000
280450 298.7300000000
280462 301.2900000000
280476 316.9800000000
280510 329.3600000000
280583 339.8500000000
280592 353.1300000000
280598 357.6200000000
280611 367.6500000000
280756 374.7300000000
280770 390.1200000000
280810 401.3000000000
280827 406.8900000000
280839 417.5000000000
280884 424.5200000000
281054 425.7800000000
281103 434.5800000000
281117 437.4300000000
281139 449.4000000000
281257 492.1700000000
281289 510.0800000000
281301 528.1200000000
281310 569.1800000000
281781 570.5000000000
281810 575.0200000000
281862 585.8900000000
282717 589.1600000000
282931 592.6300000000
283018 594.7500000000
283025 602.0600000000
283188 614.0800000000
283514 618.9600000000
284149 622.3700000000
284204 624.1100000000
284238 643.8300000000
284505 650.8900000000
284620 664.0200000000
284711 684.7000000000
284719 698.8600000000
284768 701.1500000000
284790 703.3700000000
284917 704.9100000000
284963 705.0700000000
284977 728.1000000000
284988 735.7300000000
285075 739.4900000000
285078 740.3500000000
285211 749.4600000000
285254 754.5300000000
285322 758.7900000000
285403 764.7700000000
285732 781.8700000000
288711 786.4700000000
evaluations raw_y
290001 0.0000000000
290002 8.8500000000
290005 23.6400000000
290006 25.8400000000
290007 48.0100000000
290021 83.7200000000
290042 87.6900000000
290044 109.4300000000
290052 128.0200000000
290081 153.1700000000
290095 171.8300000000
290134 172.9500000000
290159 174.1900000000
290169 197.6000000000
290184 214.1600000000
290228 227.9700000000
290272 239.2300000000
290285 255.3300000000
290356 268.4600000000
290503 275.3700000000
290516 304.6800000000
290542 314.2500000000
290544 316.8700000000
290553 318.5200000000
290628 360.5500000000
290707 361.1900000000
290716 376.2600000000
290744 379.5500000000
290753 385.4400000000
290779 389.8400000000
290792 403.3500000000
290798 417.2500000000
290929 418.2900000000
291234 419.3900000000
291289 431.7300000000
291306 443.9500000000
291329 452.2200000000
291366 472.4300000000
291525 495.7000000000
291740 497.5300000000
291762 505.2100000000
291791 506.2300000000
291865 524.0600000000
292058 527.5800000000
292210 536.0000000000
292221 563.9600000000
292278 649.4800000000
292284 652.9800000000
292288 671.2700000000
292621 676.8400000000
292662 677.9300000000
292676 678.6900000000
292700 690.1100000000
292762 699.7100000000
292768 702.8400000000
292919 705.6000000000
292956 707.1200000000
293071 718.2300000000
293107 720.3000000000
293579 784.9600000000
293594 800.2100000000
293626 814.3800000000
293632 816.7800000000
293636 820.2900000000
293649 822.6800000000
293651 824.1200000000
293852 851.4400000000
293986 852.2700000000
293990 861.0300000000
294011 885.1900000000
294679 886.7500000000
294828 890.8000000000
294865 895.9700000000
294953 898.0200000000
294958 903.9000000000
295017 906.2200000000
295080 911.0300000000
295142 916.9200000000
295262 920.4300000000
295290 925.7900000000
295384 926.6300000000
295582 929.1600000000
295785 930.7300000000
295848 936.3500000000
296096 938.1900000000
296374 942.4700000000
296612 947.1000000000
297276 948.3400000000
297936 951.5200000000
298953 956.3000000000
299016 957.5500000000
299032 959.2100000000
299594 962.5100000000
