evaluations raw_y
1 0.0000000000
2 1.9200000000
3 16.6300000000
4 33.4500000000
6 38.6200000000
10 55.4000000000
26 55.4600000000
27 69.4300000000
43 85.9200000000
48 90.0900000000
54 225.4900000000
77 236.2800000000
80 244.9900000000
86 245.1700000000
87 246.7800000000
89 260.7700000000
91 269.4400000000
92 280.0700000000
132 284.1000000000
168 287.8800000000
174 295.5400000000
177 305.0700000000
185 306.1500000000
196 318.8600000000
217 323.3200000000
231 424.6400000000
266 443.5600000000
296 444.2800000000
476 450.8000000000
524 490.5000000000
527 496.8600000000
529 512.2400000000
536 539.4200000000
821 544.3100000000
951 546.0700000000
963 546.7000000000
1203 656.0600000000
1235 667.0200000000
1381 670.1200000000
2953 673.0300000000
5299 673.5400000000
6169 675.7400000000
6173 691.3200000000
6216 694.1700000000
6316 695.9600000000
6342 750.0100000000
6686 754.8400000000
6756 772.7300000000
10000 624.9400000000
evaluations raw_y
10001 0.0000000000
10002 22.5800000000
10006 38.8400000000
10017 38.8500000000
10018 47.5600000000
10019 63.1500000000
10028 90.7900000000
10037 100.5800000000
10042 116.0100000000
10061 117.8800000000
10067 130.6400000000
10083 148.4200000000
10116 149.1700000000
10126 150.3500000000
10133 168.7700000000
10152 175.9700000000
10189 314.7500000000
10219 332.0800000000
10279 337.6300000000
10364 341.3100000000
10394 346.9700000000
10404 350.2900000000
10552 354.2400000000
11091 354.9700000000
11180 361.4000000000
11208 425.2700000000
11209 445.4100000000
11213 448.7800000000
11214 450.5000000000
11216 456.3700000000
11243 459.1700000000
11287 459.4900000000
11326 467.2300000000
11365 471.9100000000
11410 475.1100000000
11577 475.8500000000
11630 486.4400000000
11674 491.1400000000
11814 492.6100000000
11837 495.6000000000
11944 497.4000000000
12111 509.4000000000
12173 509.8700000000
12288 517.7200000000
12332 521.5600000000
12343 546.0600000000
12359 548.2800000000
12381 551.3300000000
12382 564.9900000000
12417 568.0000000000
12426 574.7900000000
12458 576.2700000000
12547 591.3200000000
12586 594.7600000000
12763 602.4300000000
13001 692.3000000000
13045 697.0900000000
13166 704.4800000000
13168 710.0000000000
13476 717.1400000000
13509 717.2100000000
13684 717.2800000000
14269 717.8100000000
14621 721.6900000000
14723 832.0600000000
20000 669.8600000000
evaluations raw_y
20001 0.0000000000
20002 27.2900000000
20003 31.0900000000
20004 34.5400000000
20005 48.0600000000
20012 62.6500000000
20015 75.9600000000
20017 84.4800000000
20018 115.9400000000
20024 116.7300000000
20044 132.0700000000
20048 151.9400000000
20056 152.6400000000
20062 153.3500000000
20080 169.0900000000
20083 181.6100000000
20158 181.6500000000
20234 195.3700000000
20301 196.3300000000
20325 197.0900000000
20333 213.7600000000
20339 226.3900000000
20345 235.6800000000
20346 260.7200000000
20450 262.3600000000
20473 265.2900000000
20479 270.7500000000
20497 282.3100000000
20537 287.6000000000
20557 292.1900000000
20563 295.4800000000
20579 314.3200000000
20593 319.9300000000
20598 332.1500000000
20761 332.7500000000
20886 335.7500000000
20890 359.6000000000
21136 361.5000000000
21137 374.3800000000
21155 374.9400000000
21210 379.2000000000
21361 380.4100000000
21379 382.1700000000
21388 382.6600000000
21392 410.7800000000
21395 430.3700000000
21450 442.7200000000
21483 449.3300000000
21488 451.6300000000
21527 452.2700000000
21543 462.2500000000
21597 466.8600000000
21640 485.4100000000
21728 535.0300000000
21745 556.6100000000
21778 596.6400000000
21872 604.4300000000
21906 610.3500000000
22031 614.5500000000
22063 623.9500000000
22726 630.0700000000
22845 641.0100000000
26231 653.9800000000
28840 658.4600000000
28845 662.4900000000
29021 664.1100000000
29222 673.8100000000
evaluations raw_y
30001 0.0000000000
30002 25.0600000000
30005 41.5900000000
30012 42.8300000000
30016 61.3500000000
30027 68.3400000000
30029 75.3400000000
30037 78.7800000000
30043 87.2300000000
30048 89.8700000000
30058 93.4700000000
30063 105.5600000000
30065 114.8000000000
30077 145.4400000000
30105 149.0800000000
30133 154.9000000000
30140 157.0800000000
30141 165.6600000000
30151 171.4000000000
30178 178.5400000000
30181 212.6300000000
30229 301.7100000000
30297 308.4200000000
30306 309.2500000000
30317 324.3800000000
30393 330.9900000000
30542 346.7400000000
31027 392.2200000000
31132 395.0500000000
31154 404.3700000000
31253 404.7100000000
31343 410.0900000000
31684 412.0400000000
31899 416.9800000000
32112 435.7700000000
32386 483.3300000000
32392 498.1900000000
32447 498.4100000000
32514 510.3900000000
32547 510.9100000000
33122 511.9600000000
33186 573.1100000000
33196 607.8000000000
33210 611.8100000000
33226 614.9900000000
33284 618.2100000000
33305 621.4200000000
33388 626.9900000000
34321 627.7400000000
34701 629.5600000000
34842 631.3100000000
34871 632.0300000000
37464 635.2600000000
37965 637.7300000000
39655 637.9100000000
39724 643.8100000000
39975 675.5900000000
evaluations raw_y
40001 0.0000000000
40002 31.9900000000
40003 45.5100000000
40004 58.8100000000
40005 60.1800000000
40006 79.5200000000
40009 101.8900000000
40018 105.2900000000
40034 107.7800000000
40061 110.7200000000
40065 119.3400000000
40071 123.1600000000
40091 135.3900000000
40116 135.7400000000
40119 138.3000000000
40120 145.5800000000
40148 152.2700000000
40211 152.4700000000
40231 157.5400000000
40240 164.4000000000
40257 179.3300000000
40282 195.1800000000
40322 196.5500000000
40330 207.3600000000
40468 212.6600000000
40539 220.8300000000
40570 249.7400000000
40705 257.4500000000
40707 291.6200000000
40743 296.9300000000
40747 298.4700000000
40770 298.7700000000
40801 318.5600000000
40808 325.8900000000
40824 337.0300000000
40895 339.9500000000
40903 341.0100000000
41021 426.5700000000
41052 436.3300000000
41060 440.0700000000
41067 448.8500000000
41085 451.1000000000
41097 456.2600000000
41099 458.4700000000
41108 465.6300000000
41116 469.1300000000
41124 472.6100000000
41206 473.2000000000
41226 474.0000000000
41237 498.2600000000
41293 501.9000000000
41395 513.2600000000
41464 586.9000000000
41912 595.0400000000
42069 596.0000000000
42228 596.5700000000
42290 598.5400000000
42844 600.8200000000
42972 602.1100000000
43192 611.0400000000
43204 613.7000000000
43829 615.0200000000
43919 622.0300000000
44185 627.9300000000
46829 705.7700000000
46837 726.5700000000
46869 726.9200000000
46872 739.8200000000
47715 740.2800000000
47887 741.8100000000
evaluations raw_y
50001 0.0000000000
50002 12.2100000000
50003 27.3400000000
50005 58.9100000000
50014 60.8300000000
50018 85.7400000000
50025 95.5500000000
50043 103.1600000000
50046 144.6100000000
50065 145.9000000000
50074 170.7500000000
50081 170.8100000000
50094 177.3000000000
50099 178.9900000000
50107 182.4000000000
50146 195.8700000000
50338 196.8100000000
50347 210.7600000000
50348 223.4700000000
50392 232.9100000000
50544 263.3800000000
50559 303.7100000000
50575 307.7500000000
50578 315.4700000000
50609 320.0400000000
50775 327.7500000000
50852 342.2200000000
50928 343.9700000000
50957 345.6300000000
50975 352.2500000000
51071 358.7600000000
51324 359.5600000000
51333 368.8100000000
51540 376.7200000000
51568 376.7300000000
52055 435.5200000000
52506 491.5400000000
52512 519.1800000000
52605 519.8100000000
53133 527.7400000000
53144 539.7700000000
53252 556.8900000000
53312 557.3200000000
53399 560.7900000000
53614 562.9700000000
53821 588.1200000000
54743 589.6500000000
57211 603.3400000000
57352 607.1300000000
57526 607.8800000000
57587 608.0700000000
57642 609.7600000000
57661 640.1000000000
58399 644.5900000000
58412 656.3500000000
58418 659.3000000000
58450 659.8300000000
58499 660.6100000000
58589 661.0700000000
58775 662.2000000000
58863 662.5100000000
58879 664.9800000000
58921 670.2500000000
58955 670.8800000000
59357 679.5800000000
evaluations raw_y
60001 0.0000000000
60002 1.2000000000
60003 7.6800000000
60004 16.7100000000
60006 27.2300000000
60007 44.1600000000
60018 49.6000000000
60020 67.5300000000
60021 74.9300000000
60029 96.2100000000
60042 108.4400000000
60049 120.4700000000
60065 128.5600000000
60067 134.3200000000
60080 147.8700000000
60097 154.0100000000
60101 157.5400000000
60119 158.7200000000
60127 166.9700000000
60166 173.5900000000
60171 182.5400000000
60190 186.7300000000
60210 189.6500000000
60242 279.1700000000
60294 283.2600000000
60297 302.4600000000
60304 304.3300000000
60307 313.3000000000
60329 320.7600000000
60338 323.1900000000
60353 339.5700000000
60790 339.7400000000
60839 367.7000000000
60843 387.0200000000
61062 388.7300000000
61077 396.6200000000
61271 397.2300000000
61421 406.3200000000
61873 442.9500000000
61883 453.4600000000
61887 467.7800000000
61991 473.6100000000
61997 476.3600000000
62250 489.7800000000
62851 492.9800000000
62877 493.5100000000
62902 498.9100000000
62922 500.9600000000
62934 508.0400000000
62994 515.8600000000
63123 518.3400000000
63169 519.0100000000
63243 535.5100000000
63633 549.5100000000
63750 552.2900000000
64226 559.7300000000
64675 664.0200000000
69885 667.5300000000
69932 674.1500000000
evaluations raw_y
70001 0.0000000000
70002 2.9700000000
70003 7.9200000000
70005 16.8500000000
70006 27.4700000000
70008 33.8300000000
70009 43.1700000000
70010 43.8500000000
70012 56.8000000000
70013 63.7500000000
70017 76.5600000000
70020 87.5900000000
70025 131.2100000000
70029 147.1000000000
70047 167.0700000000
70182 173.9500000000
70216 175.3500000000
70231 178.3000000000
70251 190.2500000000
70267 192.5700000000
70346 198.7200000000
70349 208.6400000000
70352 212.1800000000
70375 227.2100000000
70383 249.1000000000
70426 267.1200000000
70427 273.6300000000
71005 362.0300000000
71026 367.1100000000
71099 379.2600000000
71278 405.8600000000
71787 412.9800000000
72121 414.7800000000
72563 419.7500000000
72995 421.0100000000
73894 427.8200000000
73902 433.3300000000
73923 440.3500000000
73952 442.0600000000
73956 448.1500000000
73984 453.7900000000
74023 459.2500000000
74052 461.4900000000
74057 472.8100000000
74069 478.2100000000
74070 497.7000000000
74161 502.6300000000
74303 509.4400000000
75430 517.5900000000
75438 521.8300000000
75448 537.8100000000
75850 557.9600000000
76833 560.6500000000
77265 564.0700000000
77313 564.3900000000
77351 579.7200000000
77430 580.9800000000
77436 582.9900000000
77567 600.1100000000
78495 604.9600000000
78504 609.5600000000
78550 613.4500000000
78721 613.5400000000
78806 621.6600000000
78877 667.2700000000
78905 679.3600000000
78906 700.2300000000
79405 705.8700000000
79443 708.0200000000
79489 708.5400000000
79567 709.8000000000
79601 716.8200000000
79626 736.9600000000
79713 740.3000000000
evaluations raw_y
80001 0.0000000000
80002 24.1100000000
80003 35.5900000000
80004 48.2800000000
80005 51.0200000000
80010 58.3900000000
80012 65.5700000000
80013 67.2800000000
80019 84.3600000000
80022 89.5600000000
80026 91.6000000000
80034 103.3200000000
80042 109.7200000000
80043 124.0900000000
80046 142.6400000000
80063 156.1400000000
80079 161.5800000000
80128 180.7200000000
80169 194.8800000000
80188 219.2200000000
80209 225.9100000000
80256 227.1200000000
80261 245.1300000000
80268 246.6000000000
80273 246.7400000000
80274 259.6700000000
80279 362.3400000000
80293 378.6400000000
80556 381.2100000000
80594 396.9700000000
80596 402.0100000000
80650 414.5800000000
80893 506.0200000000
80911 540.4300000000
81011 545.5900000000
81026 546.1000000000
81233 547.8100000000
81590 549.9200000000
81709 550.2700000000
81786 563.6600000000
81850 565.3100000000
82387 566.0200000000
82642 577.0600000000
82854 577.4200000000
83956 580.7100000000
84077 584.4400000000
84100 587.1000000000
84157 589.6800000000
84286 594.1300000000
84310 601.9800000000
84700 613.4600000000
85964 615.0600000000
88651 623.3700000000
89938 627.3800000000
89971 629.7700000000
evaluations raw_y
90001 0.0000000000
90002 4.9100000000
90003 8.2600000000
90004 10.3700000000
90005 18.2200000000
90008 29.4100000000
90009 36.3600000000
90011 39.5500000000
90012 76.8700000000
90015 83.8500000000
90017 90.7100000000
90018 112.2800000000
90023 115.9400000000
90024 126.0400000000
90027 142.3900000000
90072 144.7300000000
90075 152.5700000000
90086 166.7500000000
90091 169.2500000000
90095 173.1100000000
90101 197.4700000000
90109 201.6500000000
90143 208.6100000000
90202 223.2800000000
90339 227.4700000000
90496 229.0700000000
90784 229.1700000000
90859 230.1200000000
91031 234.2200000000
91171 234.3100000000
91447 235.3800000000
91507 241.9300000000
91526 241.9400000000
91529 247.1400000000
91561 271.4500000000
91589 273.7100000000
91612 280.3100000000
91809 291.0700000000
92007 294.3300000000
92185 312.9400000000
92191 326.2500000000
92222 344.1600000000
92224 344.6800000000
92239 359.2600000000
92330 359.3000000000
92376 372.5500000000
92406 374.3300000000
92419 377.5400000000
92432 390.6300000000
92478 404.0300000000
92506 405.4800000000
92523 429.6400000000
92602 436.6900000000
92667 450.5500000000
93781 479.4900000000
93782 489.2100000000
93786 490.9000000000
93807 502.4400000000
93823 506.7200000000
93830 515.0800000000
93868 521.7200000000
93968 543.8300000000
94040 552.5400000000
94128 563.6400000000
94172 574.0600000000
94714 595.9300000000
94723 602.3300000000
94748 612.2000000000
94808 617.6500000000
94835 621.9300000000
94843 622.8900000000
94890 636.0100000000
94981 657.8600000000
95167 669.7200000000
95175 671.1000000000
95181 690.1300000000
95197 696.5000000000
95198 698.2600000000
95262 698.7900000000
95458 701.4100000000
95566 702.3800000000
95874 705.0900000000
96360 718.1700000000
97216 726.9200000000
98355 828.6600000000
98443 830.9600000000
98476 840.6000000000
98650 841.9400000000
99483 843.6900000000
100000 711.7000000000
evaluations raw_y
100001 0.0000000000
100002 9.0000000000
100003 42.6400000000
100004 42.8600000000
100009 62.2300000000
100010 73.2900000000
100012 74.7300000000
100018 98.7600000000
100023 105.0000000000
100028 114.0800000000
100032 114.5000000000
100039 118.3800000000
100045 122.5200000000
100067 147.2700000000
100073 155.7000000000
100124 162.0600000000
100125 180.8500000000
100161 196.1700000000
100171 206.0900000000
100182 314.6600000000
100387 332.1700000000
100436 334.4300000000
100466 340.7800000000
100493 341.0900000000
100527 355.3200000000
100552 361.5800000000
101050 367.0000000000
101082 370.5800000000
101118 378.1900000000
101158 378.4000000000
101161 394.4000000000
101452 408.6000000000
101473 420.2200000000
101482 421.7500000000
101491 442.5200000000
101511 451.4700000000
101535 456.8400000000
101588 465.3400000000
101873 473.6600000000
101962 480.8900000000
102463 548.6100000000
104563 551.3700000000
104567 554.5100000000
104568 558.1800000000
104581 579.0800000000
104589 579.1300000000
104654 585.0300000000
104919 587.1100000000
105075 589.4400000000
106212 590.3200000000
106870 591.6700000000
107155 593.8700000000
107527 661.6300000000
107549 661.7100000000
107604 675.4200000000
107616 676.6900000000
107637 692.2900000000
108572 703.1100000000
evaluations raw_y
110001 0.0000000000
110002 1.0200000000
110003 25.2200000000
110010 32.4700000000
110012 43.8400000000
110014 58.5800000000
110016 60.3500000000
110020 110.3900000000
110022 113.4300000000
110023 115.6400000000
110025 133.2500000000
110029 152.4900000000
110032 155.6500000000
110034 164.5500000000
110036 168.7300000000
110041 174.7500000000
110043 184.6400000000
110050 186.5900000000
110051 189.7100000000
110062 190.3800000000
110065 210.2300000000
110068 228.4400000000
110085 243.2000000000
110114 252.1200000000
110129 255.3700000000
110138 274.3600000000
110158 285.2300000000
110160 290.9800000000
110173 315.7100000000
110201 330.3500000000
110251 424.1500000000
110285 439.2500000000
110291 444.0300000000
110463 447.7800000000
110657 454.9700000000
110711 466.2700000000
111064 467.9700000000
112706 471.3000000000
113014 471.3700000000
113505 472.3900000000
113519 489.4200000000
113572 501.9100000000
113607 507.9300000000
113638 508.5300000000
113640 523.1600000000
113756 557.6100000000
113758 586.5900000000
113846 591.8500000000
113852 595.8800000000
113855 608.0200000000
113940 612.6800000000
115255 714.5000000000
115277 721.0300000000
115625 724.7600000000
115670 727.5000000000
115779 733.8400000000
117174 740.3600000000
117736 740.8500000000
117800 748.1300000000
117830 752.8200000000
117833 779.5400000000
117844 782.4800000000
118228 790.1400000000
118370 794.1800000000
119474 794.9700000000
evaluations raw_y
120001 0.0000000000
120002 11.4700000000
120003 15.4800000000
120005 24.0200000000
120006 33.2600000000
120015 34.3300000000
120017 36.6400000000
120019 36.7600000000
120023 55.1300000000
120032 100.0900000000
120043 100.8900000000
120045 103.7100000000
120058 104.1000000000
120062 131.3200000000
120065 142.6800000000
120100 147.6800000000
120130 163.1200000000
120244 176.1900000000
120269 179.3600000000
120377 179.8100000000
120380 184.2000000000
120390 194.8700000000
120396 209.2300000000
120404 226.1500000000
120407 228.8500000000
120432 229.5800000000
120439 230.9200000000
120452 233.4800000000
120456 243.6900000000
120522 245.1100000000
120548 247.0900000000
120594 257.1300000000
120751 257.4800000000
120938 257.6500000000
120963 260.3600000000
121075 268.3900000000
121092 278.7500000000
121262 282.2700000000
121436 289.2600000000
121521 292.3400000000
121537 373.1300000000
121571 385.7500000000
121589 393.4700000000
121591 410.7600000000
122921 447.0700000000
122931 541.2100000000
122933 555.6800000000
122940 584.6000000000
122999 586.6400000000
123010 588.2200000000
123108 593.6900000000
123131 606.8700000000
123179 607.0900000000
123180 611.9700000000
123566 612.3500000000
123667 629.5200000000
123967 710.0500000000
127586 723.9800000000
127696 742.1000000000
128388 742.7400000000
128627 746.7500000000
128969 747.9600000000
129205 748.7700000000
129361 749.2100000000
129860 758.6900000000
evaluations raw_y
130001 0.0000000000
130002 10.3700000000
130003 19.5700000000
130004 35.3900000000
130010 38.6000000000
130014 41.2200000000
130015 46.8600000000
130020 58.0000000000
130021 77.1600000000
130026 81.3600000000
130028 94.6500000000
130033 113.1100000000
130047 118.0900000000
130051 133.7700000000
130111 145.6100000000
130116 152.8500000000
130156 163.9100000000
130198 192.8400000000
130530 200.7700000000
130535 225.6000000000
130542 226.5400000000
130553 238.9000000000
130574 257.2800000000
130585 263.1200000000
130593 276.6800000000
130604 277.1600000000
130612 283.8000000000
130617 287.1700000000
130621 287.9300000000
130622 289.5900000000
130651 305.0200000000
130668 307.1500000000
130708 312.1000000000
130720 312.9600000000
130728 316.2100000000
130736 317.8000000000
130737 352.1900000000
131009 374.7700000000
131078 386.8800000000
131114 404.9600000000
131123 406.5800000000
131134 407.4700000000
131137 426.6900000000
131140 430.4800000000
131143 438.3700000000
131151 442.5300000000
131184 447.9800000000
131233 448.8100000000
131240 462.4600000000
131248 466.5300000000
131280 471.6600000000
131295 485.6500000000
131311 492.3100000000
131312 510.9100000000
131317 518.3300000000
131320 520.8200000000
131344 536.6500000000
131402 540.5100000000
131452 547.6100000000
131900 560.4600000000
132594 569.5200000000
132607 583.3900000000
132633 586.9400000000
132702 596.0500000000
132808 604.7500000000
132845 606.1200000000
132859 610.0700000000
132860 616.0200000000
132866 616.3700000000
132868 620.8400000000
133014 624.6700000000
133036 630.5300000000
133041 633.7300000000
133088 651.6900000000
133100 669.7100000000
133268 674.6700000000
133382 682.7200000000
133542 696.6600000000
134200 698.6100000000
134318 700.4800000000
134352 710.7000000000
134688 714.1000000000
134949 723.1800000000
137281 727.8300000000
137834 729.2400000000
137844 752.0900000000
137854 753.6200000000
137856 775.4900000000
137905 779.5000000000
138029 782.7800000000
138042 786.0200000000
138233 806.3800000000
evaluations raw_y
140001 0.0000000000
140002 8.7100000000
140003 20.6700000000
140004 22.7900000000
140005 46.2600000000
140008 47.9200000000
140017 61.5800000000
140018 93.4500000000
140025 104.9400000000
140031 125.0800000000
140032 127.3900000000
140049 138.1000000000
140052 145.8500000000
140065 201.3600000000
140072 228.1800000000
140119 244.8700000000
140478 269.9800000000
140522 271.9200000000
140537 283.8500000000
140545 292.4400000000
140547 301.6700000000
140683 304.6000000000
140689 305.7500000000
140695 416.1000000000
140706 421.9000000000
140709 424.7400000000
140732 437.1200000000
140748 442.4700000000
140751 450.4700000000
140774 451.6200000000
140778 462.2600000000
140794 469.1300000000
140811 478.4400000000
140812 487.3100000000
140840 510.1800000000
140879 556.6800000000
140901 572.6200000000
140929 584.9500000000
140947 588.8500000000
140962 591.8800000000
140965 605.7700000000
141011 609.5900000000
141160 609.7900000000
141208 612.7800000000
141252 627.8700000000
141257 638.9400000000
141416 643.4600000000
141547 654.4000000000
141568 668.4200000000
141656 675.3900000000
141789 680.3900000000
141953 685.4200000000
142071 686.4800000000
142245 694.8300000000
143543 697.7400000000
143739 698.4500000000
144151 703.9100000000
144309 704.4900000000
144451 718.6800000000
144482 753.0700000000
144652 753.1900000000
144799 780.5200000000
149217 781.7100000000
149225 796.6200000000
149309 806.3600000000
149376 807.8600000000
149392 812.5900000000
149409 819.3100000000
evaluations raw_y
150001 0.0000000000
150002 4.2600000000
150003 22.2000000000
150007 23.6800000000
150010 34.4400000000
150011 44.8300000000
150017 54.5300000000
150018 65.9300000000
150019 100.5700000000
150032 102.6300000000
150033 114.6400000000
150036 122.8300000000
150039 136.8700000000
150041 145.9400000000
150084 176.6300000000
150129 186.1400000000
150146 196.3000000000
150158 239.4300000000
150230 320.8600000000
150253 325.7500000000
150255 332.3900000000
150257 355.6700000000
150261 356.0100000000
150264 373.5600000000
150331 373.6700000000
150338 396.9100000000
150343 401.6000000000
150346 404.7200000000
150404 412.1500000000
150411 415.5700000000
150427 442.5900000000
150533 446.8900000000
150737 452.6400000000
150765 474.5900000000
151393 482.7200000000
151861 491.6900000000
152060 498.6000000000
152070 503.0500000000
152157 506.2900000000
152897 550.5000000000
152899 550.7800000000
152900 565.6200000000
152946 578.3800000000
152957 586.9700000000
153109 591.6100000000
153279 592.5700000000
153288 597.0700000000
153333 598.2700000000
153405 604.8100000000
154808 606.0000000000
155179 672.1600000000
155224 673.6100000000
155319 713.1000000000
155491 714.9000000000
155548 797.4200000000
155557 807.8200000000
155584 811.8900000000
155657 813.6900000000
155674 819.9900000000
155696 820.6800000000
155858 822.8000000000
156186 854.5800000000
160000 247.5900000000
evaluations raw_y
160001 0.0000000000
160002 14.6000000000
160005 24.6100000000
160006 26.3900000000
160007 29.0400000000
160010 32.1100000000
160013 46.8900000000
160018 60.9900000000
160019 73.9800000000
160023 80.7900000000
160028 97.5600000000
160031 100.6000000000
160037 137.4800000000
160092 161.8500000000
160110 166.3700000000
160130 168.5700000000
160138 172.8200000000
160149 183.0800000000
160240 183.7000000000
160244 186.6400000000
160251 189.5000000000
160307 197.8500000000
160370 198.4100000000
160387 291.9800000000
160400 303.1700000000
160404 316.8200000000
160457 327.5800000000
160472 338.4200000000
160496 345.6800000000
160507 359.6300000000
160559 368.9000000000
160588 370.9400000000
160745 377.8200000000
160781 401.7900000000
160918 440.4800000000
160957 450.1800000000
160959 452.4500000000
160975 456.2500000000
160995 465.7600000000
161003 480.4500000000
161007 499.9500000000
161072 506.3100000000
161089 526.0500000000
161480 531.1800000000
161800 542.6700000000
161897 544.6200000000
163585 544.7200000000
163588 548.7300000000
166301 551.4700000000
166322 558.4400000000
166330 577.3600000000
166332 583.8800000000
166373 587.9000000000
166389 591.9200000000
166642 598.1000000000
166717 602.1300000000
166787 603.2300000000
166825 609.4800000000
166861 617.8500000000
167025 618.7500000000
167344 624.6900000000
167388 637.5700000000
167432 643.4600000000
167533 650.1800000000
167593 676.3100000000
168870 683.2300000000
168997 686.3600000000
169003 711.8300000000
169015 715.5800000000
169040 722.8700000000
169051 725.1600000000
169112 726.6300000000
169171 730.9800000000
169219 741.2600000000
169350 742.7500000000
169927 748.1100000000
evaluations raw_y
170001 0.0000000000
170002 3.5300000000
170004 14.3300000000
170006 29.5000000000
170007 66.7300000000
170015 76.4600000000
170016 79.7700000000
170032 89.1400000000
170035 93.6400000000
170041 98.1000000000
170045 111.0700000000
170047 130.9000000000
170067 147.0900000000
170068 169.0400000000
170112 177.6400000000
170126 180.8700000000
170128 192.8300000000
170162 199.6500000000
170181 212.3500000000
170208 222.6900000000
170459 234.1600000000
170643 237.9800000000
170761 238.7400000000
170890 250.5200000000
171243 254.4900000000
171249 277.8100000000
171382 283.5900000000
171850 285.9800000000
172374 289.0500000000
172385 290.2700000000
172630 292.8300000000
172669 343.9700000000
172670 346.4500000000
172675 359.1800000000
172690 360.4300000000
172702 369.3200000000
172722 370.9500000000
172760 377.0600000000
172765 378.1700000000
172991 387.9600000000
173571 393.0700000000
173904 442.4900000000
174112 442.5900000000
174119 470.9100000000
174185 484.2500000000
174305 498.4900000000
174359 502.9900000000
174384 504.2300000000
174461 532.9000000000
176201 545.6900000000
176346 558.4000000000
evaluations raw_y
180001 0.0000000000
180002 8.4700000000
180004 12.6700000000
180005 31.4000000000
180006 42.9000000000
180008 55.6900000000
180015 68.2200000000
180016 84.6600000000
180019 110.4200000000
180024 114.8300000000
180026 123.9400000000
180036 132.9100000000
180042 137.9100000000
180046 155.5200000000
180049 290.0900000000
180058 316.3200000000
180060 329.3200000000
180063 330.8500000000
180066 352.2200000000
180353 357.4000000000
180755 359.9200000000
180810 364.6900000000
180865 383.4200000000
181014 395.0200000000
181185 396.9300000000
181190 401.8000000000
181255 404.6900000000
181346 416.5900000000
182034 421.1900000000
182056 426.9200000000
182104 430.4900000000
182118 431.9700000000
182135 433.5900000000
182175 434.8800000000
182185 435.0000000000
182323 511.9800000000
182330 581.0000000000
182421 588.4300000000
182685 616.6000000000
182694 617.5200000000
182695 636.9400000000
182733 652.1100000000
182767 656.3300000000
182799 659.5200000000
182806 674.6100000000
183214 679.1800000000
183387 695.6700000000
184183 708.0100000000
188501 754.0800000000
evaluations raw_y
190001 0.0000000000
190002 22.1700000000
190005 32.0700000000
190007 48.6800000000
190008 53.2600000000
190010 71.6500000000
190011 72.2100000000
190023 84.0900000000
190026 108.1300000000
190043 133.6600000000
190046 148.4600000000
190050 157.4600000000
190063 171.9800000000
190111 190.0100000000
190123 200.2100000000
190132 211.6900000000
190171 213.1500000000
190405 218.3400000000
190444 221.1100000000
190450 222.8500000000
190491 227.4000000000
190540 228.5500000000
190556 239.9600000000
190757 245.4500000000
190819 251.8100000000
190861 253.2900000000
190865 253.7500000000
190869 258.2100000000
190870 264.5300000000
190885 273.1700000000
190887 278.1800000000
190964 361.5900000000
190968 370.9100000000
190972 385.8500000000
190974 386.3900000000
190977 388.2900000000
190981 389.6400000000
190986 397.2900000000
190994 399.4100000000
191046 402.7500000000
191101 402.8100000000
191198 411.8500000000
191303 414.9000000000
191351 419.4200000000
191858 421.0200000000
191880 431.0000000000
192153 432.0900000000
192202 451.1400000000
192477 509.8600000000
192499 521.1700000000
192525 532.3500000000
192552 539.9500000000
192554 540.6800000000
192583 540.9100000000
192595 550.2200000000
192616 555.4800000000
192671 559.4200000000
192701 561.2900000000
192774 563.9800000000
192836 566.6200000000
192855 569.1700000000
192890 577.9900000000
192898 588.6800000000
192939 593.1300000000
192967 593.3100000000
193191 594.6700000000
193197 598.6300000000
193218 598.7900000000
193541 603.2900000000
193738 687.2600000000
193795 689.2000000000
194401 694.0300000000
194500 694.9600000000
194562 696.3200000000
194705 701.4300000000
196216 703.6700000000
197793 704.2600000000
197940 705.3500000000
198252 813.6900000000
evaluations raw_y
200001 0.0000000000
200002 3.6000000000
200003 16.6400000000
200004 27.6900000000
200009 33.5100000000
200010 44.8900000000
200017 60.3900000000
200019 73.2900000000
200026 78.4900000000
200028 113.1700000000
200029 136.7600000000
200062 141.3200000000
200091 148.5300000000
200139 151.1000000000
200150 163.9200000000
200154 176.0400000000
200173 182.2700000000
200211 200.2000000000
200213 201.0700000000
200218 210.1600000000
200219 229.0100000000
200309 237.0600000000
200463 237.4600000000
200498 250.6700000000
200653 253.7800000000
200679 257.5000000000
200995 283.2100000000
201017 287.1500000000
201096 291.0700000000
201100 291.6000000000
201313 300.1900000000
201415 310.1700000000
201470 321.2200000000
201540 324.9100000000
201553 330.3000000000
201570 358.9600000000
201588 363.0600000000
201703 376.9600000000
201778 379.7100000000
202201 454.0000000000
205093 456.4700000000
205546 471.2100000000
205658 474.8500000000
205668 480.3100000000
205671 488.2000000000
205731 500.0900000000
205738 500.6500000000
205740 504.0500000000
205753 510.0100000000
205755 513.2500000000
205786 541.8600000000
206050 547.8700000000
206062 547.9200000000
206085 573.9200000000
206203 589.1500000000
206936 597.2800000000
207152 599.1700000000
207287 606.6000000000
207585 617.3400000000
208061 618.7400000000
208109 628.1800000000
208112 631.7100000000
208122 645.6800000000
208856 667.4200000000
208864 670.0900000000
208869 689.7900000000
209139 691.5000000000
209575 693.3500000000
209641 696.8000000000
209642 716.3500000000
evaluations raw_y
210001 0.0000000000
210002 6.4600000000
210004 14.2000000000
210006 22.1500000000
210009 33.4100000000
210014 47.9600000000
210016 48.8600000000
210021 58.0500000000
210025 76.3600000000
210033 86.1400000000
210041 97.9800000000
210081 98.5500000000
210085 102.3600000000
210096 110.2400000000
210097 115.3400000000
210108 121.2000000000
210114 134.4700000000
210116 157.6900000000
210117 165.4600000000
210123 168.6600000000
210142 172.0800000000
210154 192.3700000000
210162 198.7000000000
210202 200.2100000000
210304 202.3400000000
210376 206.1500000000
210455 237.6100000000
210462 240.4900000000
210463 253.0600000000
210465 285.0100000000
210479 290.6300000000
210527 304.1600000000
210551 304.7700000000
210554 305.2400000000
210576 310.0200000000
210577 342.6300000000
210697 344.3400000000
210707 347.8800000000
210709 367.3100000000
210713 381.9500000000
210777 391.2300000000
210940 391.9800000000
211064 391.9900000000
211065 422.0300000000
211104 428.3700000000
211138 432.2600000000
211462 435.1600000000
211861 438.4300000000
211887 441.8300000000
211938 446.2700000000
213763 452.9600000000
213780 454.1100000000
213789 466.7000000000
214027 467.7600000000
214043 469.4200000000
214259 473.3200000000
214279 473.3400000000
214325 493.9500000000
214608 498.8500000000
214940 500.1600000000
214964 502.0400000000
214992 513.8000000000
215199 521.7300000000
215969 522.8400000000
215975 523.3100000000
216078 524.9600000000
216132 534.1900000000
216916 640.1900000000
216917 649.1600000000
216948 658.4600000000
217006 665.8600000000
217208 677.5100000000
219084 678.3700000000
219124 683.9200000000
219174 692.1700000000
219347 695.1400000000
219357 700.2900000000
219360 702.9500000000
219361 721.2400000000
219408 723.9900000000
219439 728.8100000000
219734 735.2400000000
219823 755.5900000000
219869 755.6500000000
evaluations raw_y
220001 0.0000000000
220002 5.8500000000
220003 11.0500000000
220004 12.7000000000
220005 17.7300000000
220008 29.5300000000
220009 34.4500000000
220015 45.2100000000
220016 76.3100000000
220025 85.1900000000
220026 137.5000000000
220128 186.5800000000
220131 191.3300000000
220136 205.8700000000
220140 208.0700000000
220144 211.6900000000
220157 212.7400000000
220168 220.0200000000
220176 226.0800000000
220178 236.9500000000
220187 261.5100000000
220302 366.6200000000
220304 395.6700000000
220305 401.4100000000
220307 424.0200000000
220312 427.8100000000
220330 427.9400000000
220337 432.2200000000
220363 432.4100000000
220364 439.8000000000
220375 439.9000000000
220384 441.7700000000
220436 453.4700000000
220490 454.3700000000
220494 463.2900000000
220579 471.7300000000
221121 492.7500000000
221145 494.5200000000
221176 508.4400000000
221195 510.5500000000
221310 522.3900000000
223905 523.6500000000
223917 528.4400000000
223933 541.2200000000
223946 560.7900000000
223972 567.7200000000
224038 573.0600000000
224128 574.7900000000
224179 590.5300000000
224187 592.3400000000
224209 601.7400000000
224490 610.4300000000
224585 613.2400000000
224606 621.9900000000
225448 641.4400000000
225478 645.6600000000
225485 656.5400000000
225539 663.0000000000
225549 663.6400000000
225561 669.9300000000
225988 676.0200000000
226062 682.2900000000
226142 685.2600000000
226161 685.9300000000
226482 695.3200000000
226505 697.6900000000
228429 697.7300000000
228781 697.7500000000
evaluations raw_y
230001 0.0000000000
230002 4.1200000000
230003 11.5100000000
230004 19.6100000000
230005 26.5600000000
230006 57.2900000000
230008 57.3800000000
230016 60.0300000000
230017 83.9600000000
230033 96.1500000000
230040 118.2400000000
230044 121.1100000000
230048 130.8000000000
230075 138.3200000000
230082 157.5500000000
230091 166.6500000000
230108 173.9600000000
230115 180.9500000000
230141 194.9600000000
230280 204.6600000000
230294 204.8600000000
230313 210.6400000000
230324 223.3600000000
230491 224.3300000000
230496 244.6600000000
230543 260.2200000000
230783 260.3500000000
230792 262.8000000000
230799 275.8100000000
230800 282.7700000000
230886 293.0500000000
230911 298.1900000000
230938 306.0600000000
230968 311.9200000000
231555 336.4600000000
231593 353.9000000000
231680 426.2400000000
231699 438.0800000000
231724 454.8800000000
231725 456.2200000000
231743 457.0000000000
231815 466.5100000000
231824 475.0300000000
232231 481.5600000000
232240 485.3900000000
232542 487.8400000000
232701 491.5300000000
232745 498.2200000000
233142 500.0700000000
234183 506.0800000000
234198 508.9400000000
234241 529.4400000000
234408 530.8700000000
234458 539.0600000000
234548 546.2100000000
234625 554.7900000000
234626 588.0200000000
234770 596.4400000000
234899 597.6900000000
235165 608.2800000000
235193 608.5900000000
235281 617.6200000000
235345 625.9200000000
236528 661.5900000000
237032 678.3600000000
238583 719.0200000000
238771 719.0800000000
239024 726.7800000000
239242 729.6900000000
239283 734.9800000000
239707 736.8800000000
evaluations raw_y
240001 0.0000000000
240002 7.5100000000
240005 22.6400000000
240009 30.7800000000
240011 39.3400000000
240017 51.1900000000
240026 67.0600000000
240033 85.1600000000
240039 90.3200000000
240047 91.7300000000
240051 98.8100000000
240055 108.7700000000
240056 110.5900000000
240062 122.5100000000
240064 128.5100000000
240083 144.0800000000
240090 154.2500000000
240091 172.7500000000
240115 183.0100000000
240132 342.4800000000
240165 357.4700000000
240175 357.5100000000
240177 382.9800000000
240283 391.1700000000
240551 391.3000000000
240569 397.6300000000
240614 408.4600000000
240792 408.8700000000
240797 409.1400000000
240798 413.1100000000
240823 426.3000000000
240867 427.2900000000
240878 432.5600000000
240921 504.6600000000
240930 512.7000000000
240964 520.8800000000
240993 527.2000000000
240995 529.8400000000
241044 533.7000000000
241104 538.8900000000
241161 545.9300000000
241188 554.8000000000
241379 558.8000000000
241565 559.1100000000
241754 566.4400000000
244438 590.8400000000
245122 598.8200000000
245980 606.8300000000
246005 613.1400000000
246413 625.6700000000
246479 627.5200000000
246496 631.0800000000
246548 738.8100000000
evaluations raw_y
250001 0.0000000000
250002 16.9700000000
250003 38.8200000000
250010 49.4500000000
250018 50.8900000000
250019 54.9200000000
250023 70.5800000000
250026 73.0500000000
250030 80.9300000000
250035 117.2700000000
250092 135.2000000000
250148 149.9700000000
250243 179.0800000000
250247 194.7100000000
250252 220.8900000000
250269 224.2700000000
250300 230.6800000000
250332 231.5300000000
250350 239.5900000000
250384 258.2300000000
250389 275.3300000000
250405 287.4300000000
250423 287.8500000000
250636 299.3000000000
250681 299.5700000000
250682 306.4900000000
250685 309.1600000000
250693 316.8900000000
250719 334.5900000000
250944 358.1200000000
250966 380.0300000000
250982 381.0000000000
250989 391.8300000000
251005 396.4400000000
251039 409.9300000000
251085 414.8500000000
251087 416.0500000000
251094 436.6000000000
251116 436.9800000000
251223 438.5600000000
251227 454.9800000000
251259 471.6100000000
251626 473.8700000000
252131 474.1000000000
252136 475.3300000000
252599 485.2700000000
252616 493.1800000000
252618 507.9600000000
252704 512.6800000000
252722 626.3800000000
252773 640.4200000000
253205 655.3200000000
253583 676.9900000000
253670 689.1200000000
254117 694.5600000000
256474 794.9600000000
256552 796.8400000000
256896 804.2900000000
257335 807.3700000000
258564 812.2200000000
evaluations raw_y
260001 0.0000000000
260002 22.9600000000
260003 27.4000000000
260005 33.9900000000
260011 38.9000000000
260012 54.8400000000
260019 70.6600000000
260025 80.3300000000
260029 83.0200000000
260030 100.3100000000
260037 107.3400000000
260039 111.6900000000
260046 113.2800000000
260056 136.1700000000
260092 149.4400000000
260096 150.9900000000
260116 153.9800000000
260119 164.3900000000
260122 164.9400000000
260136 176.9400000000
260143 182.1400000000
260170 182.6400000000
260255 189.1400000000
260272 195.9300000000
260284 204.2900000000
260386 217.6100000000
260468 229.7200000000
260471 234.3100000000
260535 237.8700000000
260608 242.5200000000
260655 251.7500000000
261298 258.7500000000
261393 265.1700000000
261440 272.5000000000
261443 278.8400000000
261467 282.7600000000
261626 297.3000000000
261638 303.8200000000
261642 309.8900000000
261655 327.8800000000
261794 339.3700000000
262012 350.6300000000
262075 365.1400000000
262126 368.4700000000
262139 372.4100000000
262278 386.3200000000
262404 388.1500000000
262509 388.4800000000
262520 396.9800000000
262533 426.0000000000
262800 432.2100000000
263936 436.6600000000
263954 465.9100000000
263975 467.7200000000
264050 469.1200000000
264066 479.2300000000
264235 552.5200000000
264308 584.3700000000
264347 586.7500000000
264384 591.6900000000
264388 598.2400000000
264450 602.3500000000
264525 606.5000000000
264581 611.0200000000
265281 611.6100000000
265309 616.8900000000
265392 623.1400000000
265867 635.2600000000
267885 636.4800000000
267961 638.8000000000
268095 638.9300000000
268264 639.2300000000
268400 645.2100000000
268560 652.5500000000
268814 756.1200000000
268825 758.9900000000
268865 761.5400000000
268869 764.0200000000
268898 771.1100000000
268917 771.7400000000
268969 773.0000000000
268988 779.7400000000
269125 784.1500000000
269192 793.6500000000
evaluations raw_y
270001 0.0000000000
270002 6.0600000000
270003 21.7200000000
270004 45.4200000000
270016 50.6900000000
270024 60.7300000000
270031 65.6100000000
270036 66.0600000000
270037 76.2100000000
270041 78.0400000000
270042 138.1900000000
270043 148.2800000000
270045 170.3500000000
270050 173.4100000000
270059 185.3200000000
270103 203.1500000000
270118 204.6200000000
270127 205.2400000000
270130 217.4000000000
270142 218.8200000000
270160 220.7400000000
270181 228.2600000000
270188 228.9700000000
270225 250.0400000000
270463 260.1600000000
270780 262.7300000000
270794 290.5600000000
271159 306.9700000000
273126 348.4100000000
273158 373.3100000000
273191 375.2200000000
273203 386.4700000000
273235 402.4700000000
273298 410.1500000000
273434 413.8200000000
273971 418.9000000000
274002 431.0700000000
275213 437.9000000000
277338 440.4900000000
277670 440.6000000000
277695 442.3300000000
277820 452.5800000000
278565 453.4700000000
279164 456.6200000000
279434 459.0000000000
279437 463.8300000000
279444 467.4800000000
279476 467.8400000000
279479 472.0300000000
279501 479.2200000000
279520 479.4900000000
279545 490.7100000000
279593 493.3300000000
evaluations raw_y
280001 0.0000000000
280002 25.3500000000
280003 41.1900000000
280008 55.3200000000
280016 63.4500000000
280018 63.6500000000
280019 68.1700000000
280023 83.5800000000
280031 95.6800000000
280032 97.1300000000
280034 97.3700000000
280038 108.2100000000
280049 112.2000000000
280053 128.2800000000
280061 263.2100000000
280064 268.5000000000
280067 284.3100000000
280089 308.1000000000
280133 310.0300000000
280135 310.5000000000
280171 322.3000000000
280223 322.4600000000
280229 330.3700000000
280237 333.1500000000
280424 333.9700000000
280451 340.7000000000
280455 341.0600000000
280461 344.4700000000
280465 351.5500000000
280487 353.7800000000
280500 354.3600000000
280544 358.9200000000
280692 377.6300000000
281425 422.9700000000
281489 446.1900000000
281535 451.4700000000
281542 458.2000000000
281545 463.2700000000
281549 475.0600000000
282742 475.8400000000
282753 479.2200000000
282827 479.6300000000
282858 482.5100000000
282962 485.9700000000
282995 493.6300000000
283060 500.1100000000
283088 500.4200000000
283128 610.4100000000
283155 629.0800000000
283261 630.7900000000
283700 632.6900000000
284361 637.1600000000
284479 648.7400000000
284554 653.4700000000
evaluations raw_y
290001 0.0000000000
290002 6.1800000000
290004 6.9900000000
290005 14.1900000000
290006 26.8500000000
290007 48.3200000000
290022 48.7300000000
290028 52.2900000000
290031 61.8900000000
290042 67.5000000000
290055 73.4500000000
290056 115.2500000000
290063 139.7000000000
290116 140.3900000000
290123 150.0000000000
290124 157.7500000000
290129 167.6500000000
290134 167.9000000000
290140 170.0900000000
290144 181.1700000000
290148 184.2700000000
290243 185.9200000000
290282 191.6400000000
290387 198.3700000000
290396 238.8400000000
290416 251.0200000000
290417 260.2600000000
290439 264.7000000000
290443 266.2900000000
290461 268.4600000000
290474 271.4400000000
290480 276.6700000000
290501 283.1900000000
290505 319.4100000000
290789 324.4800000000
290835 336.1300000000
290842 346.7100000000
290894 361.0600000000
290943 435.7400000000
290955 446.2800000000
290958 456.2900000000
290986 468.2200000000
291028 482.0200000000
291101 496.4500000000
291102 500.4800000000
291119 508.8700000000
291126 519.1800000000
291244 524.2600000000
291330 529.3600000000
292536 539.5100000000
292592 549.2800000000
292644 600.9100000000
292651 610.8200000000
292682 622.3700000000
292747 623.8500000000
292858 633.1300000000
293068 634.8600000000
293880 646.3500000000
295622 648.3300000000
296087 745.9400000000
296097 755.7500000000
296249 761.5100000000
296310 762.3700000000
296726 764.7200000000
296912 771.9500000000
297209 772.5800000000
297967 772.7200000000
297998 786.9200000000
