evaluations raw_y
1 -2851.0000000000
2 -2190.5816386911
3 -2073.5850631173
4 -1137.2036805834
7 411.0098107115
11 958.4877782993
12 1280.8674423493
22 2995.2154294562
29 4286.2454091667
36 4438.3009538246
56 5667.7505106643
59 5985.6278829879
60 6675.3313555804
66 6994.8313442772
68 7673.6174116511
69 8417.4219279284
72 8695.0129780588
81 9001.9068420325
104 9099.5478377222
128 9265.7788164008
131 9499.7086361464
155 9791.1211461141
159 11210.0812353253
180 11499.9454074168
204 11859.2442011634
206 12473.4357011746
229 12552.6197780934
230 12811.6393514282
231 13524.1240703373
234 13801.4161983668
264 14385.8384673657
268 14733.7632272588
270 14952.1471603161
295 16360.8504930251
300 16785.7298612507
306 17753.1805743344
357 18522.1184989902
496 18635.2512015642
522 19033.0362831878
523 19072.5161685756
552 19795.1151091560
586 20674.9191236828
590 20937.4124836022
630 22023.1549285566
637 22774.9105672788
677 23632.7430304465
688 24109.6673899092
709 24568.4366869469
726 24662.1385578516
735 25481.0974727278
745 25755.0769391845
747 25938.9235763195
776 26447.4153069247
815 26964.2763917015
847 27270.1148129568
883 27546.8388564215
886 28154.0189508029
943 28176.8265390921
965 28476.6565409480
1016 28578.0651627894
1022 30696.1622575670
1048 31267.7904835442
1053 31971.6426287462
1090 32294.4142947264
1099 32789.2866345917
1160 33178.2017860331
1171 33206.0376560486
1179 33756.2183195570
1192 35231.1616815743
1302 35475.3583871169
1318 36128.4382069728
1346 36625.1740335726
1432 36811.1311914864
1447 38028.1712440453
1452 38589.3333767633
1494 39305.3609844421
1522 39965.5134206044
1603 40396.2126058014
1622 40524.6765377428
1641 41493.4134946521
1697 41736.1509890129
1721 42591.1816206757
1742 42676.7198213023
1831 43031.0118423505
1838 43218.0579646839
1878 44067.2900543438
1930 44144.6905873011
1997 44927.5618903370
2115 45100.5231457282
2124 45719.2953750546
2127 46189.6774613720
2220 46448.4017562453
2222 47761.2189320378
2254 48727.4868391167
2309 49379.6204882611
2386 49507.6006351649
2410 49675.9455374072
2693 50413.2059815818
2768 50946.3211100798
2821 51475.6265434046
2835 52243.7823986878
2856 52354.8442616610
2862 52683.3676364389
2955 52764.3051137656
2962 53244.6477598964
2976 53677.6620552112
3060 54155.4042605516
3075 54688.8429575313
3186 54749.7042144450
3212 54813.9979380373
3218 55479.3190199848
3230 55902.1056737070
3358 56521.9255834729
3391 56799.4902939548
3398 56889.6022373838
3446 56930.5306309500
3449 57541.7507028833
3482 58045.5170525441
3505 59133.8349239247
3546 59304.4006615019
3593 60364.6402681955
3698 60683.1931095558
3738 62078.7920509947
3845 62959.1600761529
3966 64063.5616075327
4007 64675.2885184797
4030 65223.9482852569
4083 65524.5027925214
4111 66492.3396685556
4220 67041.8362939328
4253 67839.1573263599
4329 68309.6207172959
4355 69936.1594248320
4385 70208.4449894417
4392 71227.5772419964
4415 71345.7561950029
4461 72078.6095287993
4470 72956.9501163418
4599 73712.5428932538
4693 73928.4967602160
4762 74271.7017254213
4980 74791.7767459431
5043 74963.0447869703
5047 76273.6594084500
5234 76326.1229822242
5297 77569.7454113276
5323 77635.8107089822
5329 77958.4157767085
5349 78054.2490956593
5363 78509.4356461437
5455 79485.3339380251
5482 79579.0445319733
5599 79725.7540748204
5640 80165.3166016792
5908 80561.8225526287
5921 81622.1678069090
6014 82272.3177591308
6167 83446.0885231893
6278 83901.0386109934
6332 85009.8384393664
6434 85347.9148377136
6526 86149.9902297633
6583 86248.7611392379
6643 86979.9784165310
6651 87873.9780937824
6711 88628.5823872576
6720 88912.9998949379
6825 90265.3659045422
7042 90561.7699556213
7052 90824.7684802927
7053 92450.8398950317
7149 92556.6756169631
7245 92557.6998713821
7285 92624.3067504764
7453 92949.2650041822
7571 93251.0223018153
7648 93771.7202070082
7656 94616.4464119570
7712 95035.4696206716
7762 95250.1372369103
7848 95790.9188929546
7912 96561.7252952617
7914 96650.3896298965
7927 97566.2781084042
7974 98054.1873304702
8075 98756.1725065475
8218 98806.5532384543
8676 99628.8596372032
9020 100203.2536435421
9138 100622.9347967330
9236 100880.9706229503
9366 103175.2400865264
9417 104465.6540710027
9473 104523.1399245515
9515 104736.3714170695
9667 105437.6424921376
9779 105595.6342964337
9840 106371.1257293415
10141 106526.1527194602
10292 107397.9872282745
10309 108291.1427010481
10478 109172.7409791330
10518 109706.3094803391
10553 109870.9940490310
10725 110841.7380082686
11269 112351.2905418021
11343 113219.1313310949
11494 114956.8471919584
11611 115976.3561293668
11778 116941.1982028288
12274 116964.9984569033
12309 117071.3335866381
12461 117139.4482640800
12490 117639.7676440530
12523 118614.1643387008
12710 119546.8438051144
12910 119664.6743128521
13149 120241.4739745380
13215 120254.1001508688
13287 120969.9221830519
13470 121166.0262822802
13476 121808.0459219609
13701 122622.6447603578
13728 123852.4278894737
13790 124568.9340466352
13905 125143.1188468576
13989 125436.2447330975
14146 126431.6454132609
14206 126633.0845717240
14248 127033.0947153922
14285 127852.3370488475
14442 127941.7648480039
14516 128556.9843734542
14519 129298.4061326788
14567 129369.6598247056
14576 129465.9198173159
14599 130328.9055557786
15083 130764.0123158047
15097 130829.5994065938
15246 131416.4254082248
15286 131431.1271194797
15628 132824.7726337819
15655 133459.0301298522
15733 133804.8661208142
15760 134178.3603885442
15799 134879.8710641947
16074 135653.0975130840
16076 136025.7716948896
16109 137619.7690774728
16202 138035.1270732516
16251 138144.6295534138
16323 138152.4851686622
16496 138205.0708445524
16516 139148.1637159972
16867 139640.1856469378
17017 139995.4470223334
17036 141538.7079786183
17101 141633.2576746082
17276 141707.5405393026
17648 142749.0741300884
18118 143563.2860102390
18251 144102.0368447067
18305 144194.1354837720
18475 144905.0071367025
18834 145356.9583949673
18920 145637.1308540413
18991 146271.8075233215
19029 146759.9813959074
19068 147133.7653457628
19407 147187.2485932110
19424 149137.8640910538
19514 149231.0422561060
19628 149852.4901469567
19840 151738.2893222552
19976 152601.3941508030
19994 152787.6233718690
20028 153512.4893882471
20046 153702.2553856929
20332 154252.8530530508
20381 155003.0071124451
20583 155385.0741069042
20737 155488.1223211184
20869 155599.1625362561
20986 156672.3699263957
20993 157097.1208658628
21086 157290.0197788795
21169 158060.3133325596
21246 158457.5196458946
21362 158896.1931666212
21468 158902.8103660187
21495 159105.4495115130
21551 159163.9983723382
21570 159283.8740178974
21639 159738.3500620733
21660 161033.9001341583
21683 161203.9375335919
21702 161250.8169636130
21739 162262.6877498028
21752 162659.7927303509
22037 163380.0904870639
22408 163411.9474227960
22491 164317.4254932123
22569 164570.9813162262
22740 165324.5380425588
22802 165442.4926197134
23008 166651.6675432979
23160 166819.2885130510
23172 167470.3129384423
23205 167505.9305145510
23369 168293.2310781811
23658 168955.5141062921
23814 168981.7993651362
23988 169803.1991805077
24293 169854.8746353664
24454 170030.0041195996
24643 170245.8727175940
24666 171001.1518933867
24997 171228.7322700148
25088 171330.6230525316
25277 171619.8721343466
25391 172763.5220110022
25393 172925.0358733601
25745 173718.3092558359
25852 173774.4524219014
25977 176220.1204813698
26022 176510.1291626648
26064 177591.4286872332
26475 177831.5851162846
26529 177909.5388894212
26716 178525.7791610245
26756 178890.4754037526
26953 179817.1608016804
27177 180811.7680582121
27689 181089.4507601053
27742 181737.8973387583
28051 181900.8478606296
28257 182009.6506160884
28359 182668.8514134335
28436 182922.7581065633
28457 183318.7085412036
28995 183815.4898766547
29015 184020.0535120337
29054 185189.8849956481
29064 186095.4303674892
29166 186963.3107335620
29167 187799.0246918434
29508 187809.9656429452
29946 188367.8548346552
30624 189234.0669743828
30658 190811.7016002700
31017 191139.1550712638
31032 191261.9310234438
31379 191875.0939175131
31561 191943.4117920210
31696 192667.2332235463
31956 192906.1483871058
32074 193875.4489884119
32349 194014.7497088187
32819 194491.7573212442
33032 194926.3584774454
33082 195391.1000787385
33163 195772.7296538858
33187 196390.0262100064
33324 196403.1698441394
33609 196482.0587567618
33633 197406.8911756611
33709 198293.1118686255
33910 198618.1485395272
33979 199538.1593552387
34111 199671.6889994839
34355 199735.3394847159
34406 199883.4132601158
34647 200144.9264713005
34725 200831.6144106774
35772 201028.5322355058
35981 201147.9036902814
36031 201508.5433239182
36243 202418.4673500239
36717 202931.6450531553
36990 203360.7295361514
37009 203999.9633647259
37095 204408.2191994090
37251 204697.2107507212
38096 205148.8223692033
38306 205354.2580758479
38522 205908.7605676589
38555 208028.4413132432
39623 208071.9094164330
39776 208363.9060481508
39819 208571.0690052149
39976 209327.2878584811
40048 209813.7032931377
40079 210620.0059004093
40800 211738.1799150056
40971 212394.3166165068
41084 212982.9224283791
41698 214342.0984397873
41708 214990.8198757167
41909 215228.5674605168
42312 215842.1583204196
42793 217457.1963244415
44164 217561.7153421036
44346 218446.5126689925
44630 219322.6525367140
44731 219359.0180413880
44876 219561.0240374025
44959 219889.3019208200
45048 220352.9141437895
45136 220506.6600171168
45160 220540.1546168626
45279 220595.9638538286
45385 221358.1819613112
45493 221568.9622728291
45530 222333.8039545528
45582 224212.1149225625
46592 225037.2242555510
46616 225142.9282263053
47500 226033.1937526515
47722 226228.0493111059
48029 226766.9183870165
48623 226814.2952869185
48637 227158.6983132713
48657 227719.6700002740
48691 227826.9623597602
48703 228316.0810788300
48793 228680.8038282278
48853 228976.2148792987
49316 229655.8145319462
49589 230521.2798361423
49790 231548.0423010044
49961 232036.5880896281
50505 232164.7199270808
51125 232662.8919171495
51175 233454.5020219013
51249 234436.6272495050
51404 234459.7829647803
51418 236886.8447459662
51680 237205.1799919400
52146 237559.6269102738
52180 237864.8335977819
52314 238255.4148736016
52577 238673.9968724970
53129 238719.8808575847
54187 239487.4152385682
54381 240054.3869852247
54416 240317.6502141365
54419 240651.5206853186
54649 241366.1591047011
54713 241436.1719982917
54858 241466.3876946884
54899 241572.7712892939
54947 242125.0208064069
55203 242373.5798559849
56313 243163.7136145559
56779 243381.6404340453
56848 243497.8477156563
56867 243534.9090737011
56883 243837.4670920036
56885 244193.0662623804
57145 245805.7233264439
57470 246341.2627081018
57678 246704.3418506062
57731 246716.8718622766
57928 247193.5751217629
58179 248594.4332465963
58278 249372.1849244967
58334 250403.0113503870
58446 251155.6111991279
58677 251844.0288956077
59430 252346.6334141708
59834 252886.2296122484
59938 253024.9072842370
59996 254127.5164734899
60002 254845.3796247274
60330 254928.6863003182
60342 255111.9504809680
60389 255476.0449030510
60494 256532.2585667064
60802 256725.9472304040
61198 256998.4152975171
61392 257380.4485593497
61902 258153.1515166702
61991 258698.4407593314
62556 258836.0882208152
62675 258963.3454550627
62892 260356.3065494063
62965 260888.4102268305
63618 262258.5133280829
63694 262522.6539186272
63888 262631.7124531474
64036 263196.4582996750
64083 263474.3586224616
64936 264108.4815869525
65336 264241.1473154838
65560 264533.3685575517
65608 264664.2961984064
65786 265452.7733632292
66662 265869.4733745840
66695 266705.1858500995
67555 266809.2938653969
67979 267316.0280237806
68018 267320.0761165614
68562 267666.9180376058
68934 268117.7438857167
69343 268357.3975231934
69401 268413.8543949011
69404 268854.9989711053
69591 269723.7480296348
69709 270189.4913811894
71107 270269.1151606846
71396 270583.2204904973
71742 271126.1380094442
72063 271130.9426889913
72109 272430.6427750828
72663 272458.4158626341
72737 272905.4326998188
72824 273009.7640681771
73582 273882.5569018009
74124 274665.1810236632
75206 274942.2298636890
76309 275805.2161406039
76818 276568.7403961655
77011 278000.6372683937
77111 278406.9326483536
77602 279284.5557594512
78278 279397.9490492896
78479 279776.4226878172
79067 280454.9189635139
79483 280835.7463760583
80093 281082.6934673637
80656 281502.4148287427
81117 281522.5932485955
81314 281749.3785502348
81529 282653.3878981420
82523 283631.4576918587
82656 284055.7275526040
82885 284232.5155023580
83064 284443.3533720825
83630 285864.1226541587
83660 286201.9209497717
83914 286334.7037950896
84288 287046.5315782783
85365 287263.2082468861
85411 287584.6216725348
85522 287631.1010487357
85742 287976.7438271975
86283 288064.1928887232
86354 288197.8683931476
86614 288450.4902673983
86873 288484.6726457404
87280 289110.8895131288
87590 289526.0234800362
88415 289729.1430137771
88523 289879.7384680415
88908 290859.2020074173
89332 291027.4368818831
89648 291131.1571786564
89948 291341.5074979784
90089 291613.9221592238
90229 292372.0101208131
90819 292442.2375356600
91042 292577.2967667601
91747 292970.3850519394
92548 293156.5073141760
92988 293382.5147171521
93006 294085.9086996304
93300 294959.4008568900
93669 294980.3306588616
94072 295779.4494523921
94836 296202.4043448785
95593 296934.4121434044
95683 297256.9833981219
95746 297670.5514252867
95848 297887.8381174680
97803 297953.6392554492
98365 298296.3672158814
98975 298507.3659278089
99285 299104.3729448759
99722 299826.1284176714
100000 36059.8945605010
